0.0286202270 
0.0239020030 
0.0249197210 
0.0279677190 
0.0250432060 
0.0265748100 
0.0265361380 
0.0283054680 
0.0256307350 
0.0277977150 
0.0237020600 
0.0261706440 
0.0239622930 
0.0234332190 
0.0258147570 
0.0242228700 
0.0272555940 
0.0227049340 
0.0237465510 
0.0242852180 
0.0233934440 
0.0252095990 
0.0234374480 
0.0261029850 
0.0248018050 
0.0240571660 
0.0256129230 
0.0230867960 
0.0261121360 
0.0230645720 
0.0206057720 
0.0191596160 
0.0197047050 
0.0194992480 
0.0192964050 
0.0193734220 
0.0202633280 
0.0196784750 
0.0193504680 
0.0195253940 
0.0198859810 
0.0193244470 
0.0165715350 
0.0243153470 
0.0187213010 
0.0194026090 
0.0196297500 
0.0197709100 
0.0197061680 
0.0196252950 
0.0197688260 
0.0199371830 
0.0192859430 
0.0199415200 
0.0196526570 
0.0197273840 
0.0193707030 
0.0194043580 
0.0206912050 
0.0175386790 
0.0198578870 
0.0196747020 
0.0191310640 
0.0190122630 
0.0190845600 
0.0195695810 
0.0188621340 
0.0188704210 
0.0194876730 
0.0188668770 
0.0184534970 
0.0195314340 
0.0192847800 
0.0188891700 
0.0188027280 
0.0186201270 
0.0191410940 
0.0190945650 
0.0193048980 
0.0171689080 
0.0195252670 
0.0193739420 
0.0187453020 
0.0196996600 
0.0195419540 
0.0191898570 
0.0185296810 
0.0196481980 
0.0173469780 
0.0195210750 
0.0335650660 
0.0242915640 
0.0219159740 
0.0243483930 
0.0233073540 
0.0197855410 
0.0234583470 
0.0215730830 
0.0240744590 
0.0230444750 
0.0241365950 
0.0210669120 
0.0241290810 
0.0214817660 
0.0232489090 
0.0238065340 
0.0236379580 
0.0228229540 
0.0241620790 
0.0211193240 
0.0224146800 
0.0215232850 
0.0239089180 
0.0218852960 
0.0239927670 
0.0241321440 
0.0233960990 
0.0229852470 
0.0217528490 
0.0213487750 
0.0368181820 
0.0255215800 
0.0220436340 
0.0242410090 
0.0220351190 
0.0226632760 
0.0249775640 
0.0226428270 
0.0229658260 
0.0247658850 
0.0249047050 
0.0230315170 
0.0213214940 
0.0247513120 
0.0256859950 
0.0230927480 
0.0225121320 
0.0250925630 
0.0227951430 
0.0216007520 
0.0222671850 
0.0246485800 
0.0208105730 
0.0249689560 
0.0230298000 
0.0237445650 
0.0226010100 
0.0225793830 
0.0251759910 
0.0204349340 
0.0348364520 
0.0251309340 
0.0223648350 
0.0247905290 
0.0222151880 
0.0224055420 
0.0247123870 
0.0202726330 
0.0200785900 
0.0228221800 
0.0247144870 
0.0234136720 
0.0224537850 
0.0226596050 
0.0251838120 
0.0227917600 
0.0229571170 
0.0258936300 
0.0220452050 
0.0224348240 
0.0227794700 
0.0226010010 
0.0223512230 
0.0251070800 
0.0253513370 
0.0230848850 
0.0221784070 
0.0230746340 
0.0255900480 
0.0231570460 
0.0052369460 
0.0058110230 
0.0052936730 
0.0051643480 
0.0060041790 
0.0045938100 
0.0048687520 
0.0048276530 
0.0046232530 
0.0048865570 
0.0044507620 
0.0042816310 
0.0052511290 
0.0053292190 
0.0044867170 
0.0050808120 
0.0049388570 
0.0044672440 
0.0046928210 
0.0042554140 
0.0044243080 
0.0048486730 
0.0048412950 
0.0049715210 
0.0048349620 
0.0045636880 
0.0049143970 
0.0041193510 
0.0044592200 
0.0042197340 
0.0048170310 
0.0045627600 
0.0045588630 
0.0048051860 
0.0056870050 
0.0044652920 
0.0051384660 
0.0049103220 
0.0046942300 
0.0050213870 
0.0047124620 
0.0042095670 
0.0050536760 
0.0048986880 
0.0046872770 
0.0048001880 
0.0051637930 
0.0045446970 
0.0046825810 
0.0040676410 
0.0047603620 
0.0047536450 
0.0049874340 
0.0048080840 
0.0050591870 
0.0044354640 
0.0052127080 
0.0045413130 
0.0045057040 
0.0044789420 
0.0282643250 
0.0104355580 
0.0089835500 
0.0051551750 
0.0086925690 
0.0058524560 
0.0053205570 
0.0052624790 
0.0061004320 
0.0048189060 
0.0052778450 
0.0050353080 
0.0053716460 
0.0054746760 
0.0057993520 
0.0056210850 
0.0059848570 
0.0052296400 
0.0055693450 
0.0056802190 
0.0073250080 
0.0054709860 
0.0055486110 
0.0049214540 
0.0058480990 
0.0061986740 
0.0054922160 
0.0051337040 
0.0060402130 
0.0056438600 
0.0246263620 
0.0115504540 
0.0084720620 
0.0061834540 
0.0062235570 
0.0065808650 
0.0063865130 
0.0070405850 
0.0061973890 
0.0068027740 
0.0059425940 
0.0066306770 
0.0063081530 
0.0058939000 
0.0075033450 
0.0059397390 
0.0059655890 
0.0063709750 
0.0065062470 
0.0066200130 
0.0062556140 
0.0061720410 
0.0071196070 
0.0066425100 
0.0069199630 
0.0063595690 
0.0062805670 
0.0064045840 
0.0069265980 
0.0060127060 
0.0038476840 
0.0048455100 
0.0038967220 
0.0036000800 
0.0035301040 
0.0037516150 
0.0038373080 
0.0032376700 
0.0042842380 
0.0032005470 
0.0035371390 
0.0042166000 
0.0038819540 
0.0048251190 
0.0035376460 
0.0038354180 
0.0051614530 
0.0038045770 
0.0034692340 
0.0036420730 
0.0042249700 
0.0035274000 
0.0035572790 
0.0042021620 
0.0036121720 
0.0035335110 
0.0050762960 
0.0039649650 
0.0045294980 
0.0032259520 
0.0038801290 
0.0047094040 
0.0034045220 
0.0033607050 
0.0033791480 
0.0037571360 
0.0036598530 
0.0030964610 
0.0038151570 
0.0029451430 
0.0033522090 
0.0037261060 
0.0040482620 
0.0049551260 
0.0036261210 
0.0035051220 
0.0048221790 
0.0034936140 
0.0031086710 
0.0031890750 
0.0039430570 
0.0033215330 
0.0033099260 
0.0038543750 
0.0032987310 
0.0032870880 
0.0047511260 
0.0035971430 
0.0041475490 
0.0030036100 
