1 6767.372593 
2 6463.894215 
3 6301.330426 
4 4997.803041 
5 4045.439294 
6 4045.439294 
7 4045.439294 
8 4044.124415 
9 3898.550815 
10 3722.268036 
11 3473.826942 
12 3313.126014 
13 3006.089073 
14 3005.201090 
15 2985.534500 
16 2965.131484 
17 2906.115391 
18 2753.500323 
19 2739.376468 
20 2730.210410 
21 2649.959108 
22 2649.451117 
23 2628.261389 
24 2614.512091 
25 2608.834890 
26 2584.568664 
27 2544.972343 
28 2510.978881 
29 2466.880306 
30 2424.032696 
31 2423.942914 
32 2389.724766 
33 2376.504072 
34 2369.887130 
35 2364.652537 
36 2359.858678 
37 2354.464572 
38 2342.980716 
39 2319.249111 
40 2319.249111 
41 2319.249111 
42 2319.249111 
43 2315.324058 
44 2300.652315 
45 2300.652315 
46 2300.652315 
47 2300.652315 
48 2287.775944 
49 2287.775944 
50 2287.775944 
51 2286.656454 
52 2286.656454 
53 2286.656454 
54 2286.656454 
55 2286.656454 
56 2286.656454 
57 2286.656454 
58 2286.656454 
59 2286.656454 
60 2286.656454 
61 2286.656419 
62 2286.501633 
63 2286.107625 
64 2286.107625 
65 2286.107625 
66 2286.107625 
67 2286.107625 
68 2286.107625 
69 2286.107625 
70 2286.107625 
71 2286.102680 
72 2286.102680 
73 2286.102680 
74 2286.102680 
75 2286.102680 
76 2272.653551 
77 2272.653551 
78 2272.268300 
79 2272.215720 
80 2272.215720 
81 2272.203663 
82 2272.015097 
83 2272.015097 
84 2272.015097 
85 2272.015097 
86 2272.015097 
87 2272.015097 
88 2272.015097 
89 2272.015097 
90 2272.015097 
91 2271.224802 
92 2271.224802 
93 2271.224802 
94 2271.224802 
95 2270.586666 
96 2270.586666 
97 2264.465404 
98 2264.465404 
99 2264.465404 
100 2264.460154 
101 2264.460154 
102 2264.460154 
103 2264.460154 
104 2264.460154 
105 2264.460154 
106 2264.460154 
107 2264.362360 
108 2264.362360 
109 2264.362360 
110 2264.362360 
111 2264.322745 
112 2264.322745 
113 2264.303863 
114 2263.329224 
115 2263.329195 
116 2263.329195 
117 2262.776086 
118 2262.776086 
119 2262.776086 
120 2262.776086 
121 2262.776086 
122 2262.776086 
123 2262.776086 
124 2262.776086 
125 2262.776086 
126 2262.776086 
127 2262.776086 
128 2262.776086 
129 2262.776086 
130 2262.776086 
131 2262.776086 
132 2262.500889 
133 2262.211787 
134 2262.211787 
135 2262.211787 
136 2262.211787 
137 2262.211787 
138 2262.211787 
139 2262.211787 
140 2262.211787 
141 2262.211787 
142 2262.211787 
143 2262.211787 
144 2262.211787 
145 2262.211787 
146 2262.211787 
147 2262.211787 
148 2262.211787 
149 2262.211787 
150 2262.211787 
151 2262.211787 
152 2262.211787 
153 2258.418781 
154 2258.418781 
155 2243.821431 
156 2229.115042 
157 2229.115042 
158 2229.115042 
159 2229.003010 
160 2228.983439 
161 2228.983439 
162 2227.377037 
163 2227.377037 
164 2225.734076 
165 2225.734076 
166 2220.171143 
167 2220.171143 
168 2213.277352 
169 2213.277352 
170 2191.573633 
171 2186.927261 
172 2186.927261 
173 2186.927261 
174 2186.927261 
175 2186.927261 
176 2179.285150 
177 2179.278870 
178 2179.278870 
179 2179.278870 
180 2178.645505 
181 2178.645505 
182 2178.645505 
183 2178.645505 
184 2178.645505 
185 2178.645505 
186 2178.645505 
187 2171.334893 
188 2171.334893 
189 2171.334893 
190 2171.334892 
191 2171.334892 
192 2171.334497 
193 2171.304400 
194 2171.304400 
195 2168.528519 
196 2168.528519 
197 2168.528519 
198 2168.528519 
199 2168.528519 
200 2168.528519 
201 2168.314992 
202 2168.314992 
203 2168.314992 
204 2168.314992 
205 2168.314992 
206 2168.314992 
207 2168.314992 
208 2168.314992 
209 2168.314992 
210 2168.314992 
211 2166.126138 
212 2165.844519 
213 2165.844519 
214 2165.844519 
215 2165.844519 
216 2165.844519 
217 2165.844519 
218 2165.844519 
219 2165.823681 
220 2165.823681 
221 2164.753186 
222 2164.753186 
223 2164.753186 
224 2164.753186 
225 2164.753186 
226 2164.255821 
227 2164.255821 
228 2164.255821 
229 2164.255821 
230 2164.255821 
231 2164.255821 
232 2162.244487 
233 2162.244487 
234 2162.244487 
235 2162.244487 
236 2162.244487 
237 2162.244487 
238 2162.244487 
239 2149.745779 
240 2149.745779 
241 2147.032920 
242 2147.032920 
243 2145.706695 
244 2145.706695 
245 2145.706695 
246 2145.706695 
247 2143.766619 
248 2143.757344 
249 2143.507035 
250 2143.507035 
251 2143.507035 
252 2143.507035 
253 2138.052125 
254 2138.052125 
255 2138.052125 
256 2138.052125 
257 2138.052125 
258 2138.052125 
259 2135.177975 
260 2121.845096 
261 2121.845096 
262 2121.845096 
263 2121.845096 
264 2121.844962 
265 2121.844962 
266 2118.959675 
267 2118.959675 
268 2118.959675 
269 2118.959675 
270 2118.959675 
271 2118.959675 
272 2118.959675 
273 2118.959675 
274 2118.959675 
275 2118.959675 
276 2118.959675 
277 2118.959675 
278 2118.959675 
279 2118.513371 
280 2118.513371 
281 2118.513371 
282 2118.467954 
283 2112.488633 
284 2112.488633 
285 2106.006465 
286 2106.006465 
287 2106.006465 
288 2106.006465 
289 2106.006465 
290 2103.109439 
291 2084.553232 
292 2063.991059 
293 2063.991059 
294 2043.429596 
295 2043.429596 
296 2043.429596 
297 2043.429596 
298 2043.429596 
299 2043.429596 
300 2043.429596 
301 2043.429596 
302 2038.420835 
303 2038.420835 
304 2026.821085 
305 2026.821085 
306 2026.821085 
307 2000.571853 
308 2000.571853 
309 2000.134560 
310 2000.134560 
311 2000.133861 
312 2000.133861 
313 1997.997066 
314 1982.265356 
315 1982.265356 
316 1982.265356 
317 1977.045625 
318 1973.061151 
319 1973.061151 
320 1972.593033 
321 1972.593033 
322 1968.993329 
323 1968.993329 
324 1968.993329 
325 1968.993329 
326 1955.710167 
327 1955.710167 
328 1955.651903 
329 1955.651903 
330 1955.651903 
331 1945.803669 
332 1945.803669 
333 1945.803669 
334 1945.803669 
335 1945.803669 
336 1945.803669 
337 1945.803669 
338 1945.803669 
339 1944.672572 
340 1944.672572 
341 1933.322997 
342 1933.322997 
343 1933.322997 
344 1933.322997 
345 1933.322997 
346 1933.322997 
347 1933.322997 
348 1933.322997 
349 1933.322997 
350 1933.322997 
351 1933.322997 
352 1933.322997 
353 1933.322997 
354 1933.322997 
355 1933.322997 
356 1933.322997 
357 1933.322997 
358 1933.322997 
359 1933.322997 
360 1933.322997 
361 1932.709440 
362 1932.709440 
363 1931.453321 
364 1931.122430 
365 1931.122430 
366 1930.958960 
367 1930.432947 
368 1930.432947 
369 1930.432947 
370 1930.432947 
371 1930.432947 
372 1930.203557 
373 1930.173262 
374 1929.254792 
375 1929.254792 
376 1914.157516 
377 1870.300037 
378 1869.875915 
379 1868.494792 
380 1868.494792 
381 1850.675302 
382 1819.452661 
383 1779.706617 
384 1779.706617 
385 1779.706617 
386 1755.520264 
387 1755.520264 
388 1755.520264 
389 1755.520264 
390 1755.520264 
391 1755.520264 
392 1755.520264 
393 1748.398726 
394 1748.186546 
395 1745.764262 
396 1740.189027 
397 1740.189027 
398 1740.189027 
399 1740.189027 
400 1736.340569 
401 1736.340569 
402 1736.340569 
403 1725.237461 
404 1725.237461 
405 1725.237461 
406 1719.000178 
407 1717.794448 
408 1716.883346 
409 1716.883346 
410 1716.883346 
411 1716.883346 
412 1716.883346 
413 1716.883346 
414 1716.883185 
415 1716.856409 
416 1716.836228 
417 1716.836228 
418 1716.793782 
419 1713.633699 
420 1713.633699 
421 1713.633699 
422 1713.633699 
423 1713.633699 
424 1713.633699 
425 1713.633699 
426 1713.633699 
427 1713.633699 
428 1713.633699 
429 1713.633699 
430 1712.834834 
431 1712.834834 
432 1712.834834 
433 1709.067276 
434 1709.067276 
435 1709.067276 
436 1709.067276 
437 1709.067276 
438 1706.437732 
439 1706.437732 
440 1706.437732 
441 1706.437732 
442 1706.437732 
443 1706.437732 
444 1706.437732 
445 1706.437732 
446 1706.437732 
447 1705.578629 
448 1705.578629 
449 1705.578629 
450 1703.850764 
451 1703.850764 
452 1700.580355 
453 1700.580355 
454 1700.580355 
455 1698.395437 
456 1698.395437 
457 1696.577002 
458 1696.394604 
459 1696.394604 
460 1696.394604 
461 1696.394604 
462 1696.070702 
463 1696.070702 
464 1693.391163 
465 1691.448693 
466 1691.448693 
467 1691.448693 
468 1691.448693 
469 1691.448693 
470 1688.093963 
471 1688.093963 
472 1688.093963 
473 1688.093963 
474 1688.093963 
475 1688.093963 
476 1685.349244 
477 1685.349244 
478 1685.349244 
479 1685.349244 
480 1685.294798 
481 1684.588290 
482 1680.270725 
483 1680.270725 
484 1680.270725 
485 1680.270725 
486 1680.045667 
487 1680.045667 
488 1678.717982 
489 1678.717982 
490 1678.162101 
491 1678.162101 
492 1674.572130 
493 1674.572130 
494 1674.408592 
495 1674.408592 
496 1674.408592 
497 1674.085451 
498 1673.837172 
499 1673.837172 
500 1673.373222 
