1 5641.866026 
2 3462.706333 
3 3383.153610 
4 3371.891583 
5 3118.727126 
6 3118.727126 
7 2578.085819 
8 2531.971886 
9 2490.720770 
10 2490.720770 
11 2247.218815 
12 2181.097867 
13 2181.097867 
14 2181.097867 
15 2181.097867 
16 2181.097867 
17 2181.097867 
18 2152.968538 
19 2152.968533 
20 2152.968533 
21 2147.971367 
22 2138.470719 
23 2086.039866 
24 2086.039866 
25 2010.402468 
26 2010.402468 
27 1982.975984 
28 1961.461121 
29 1961.461121 
30 1942.105429 
31 1942.105429 
32 1942.105429 
33 1942.105429 
34 1942.105429 
35 1942.105429 
36 1942.105429 
37 1942.105429 
38 1942.105429 
39 1942.105429 
40 1942.105429 
41 1941.778775 
42 1941.778775 
43 1827.023875 
44 1827.023875 
45 1827.023875 
46 1807.388326 
47 1788.891605 
48 1749.946423 
49 1721.188745 
50 1721.188745 
51 1721.188745 
52 1721.188745 
53 1703.778938 
54 1703.778938 
55 1703.778938 
56 1703.778938 
57 1703.778938 
58 1696.583590 
59 1696.583590 
60 1684.190542 
61 1684.190542 
62 1666.772090 
63 1666.772090 
64 1666.772090 
65 1666.772090 
66 1666.772090 
67 1666.772090 
68 1666.772090 
69 1666.772090 
70 1663.666781 
71 1663.666781 
72 1663.666781 
73 1645.612432 
74 1645.612432 
75 1645.612432 
76 1622.537555 
77 1622.537555 
78 1621.521198 
79 1621.521198 
80 1621.521198 
81 1620.214796 
82 1608.909338 
83 1608.909338 
84 1608.849433 
85 1608.849433 
86 1608.849433 
87 1608.849433 
88 1608.804509 
89 1602.428459 
90 1596.840006 
91 1596.840006 
92 1596.840006 
93 1596.634831 
94 1596.634831 
95 1592.024840 
96 1586.289631 
97 1586.289631 
98 1577.810792 
99 1577.810792 
100 1577.810792 
101 1577.780603 
102 1577.780603 
103 1548.169653 
104 1548.169653 
105 1548.169653 
106 1548.169653 
107 1545.239673 
108 1545.239673 
109 1545.239673 
110 1545.239673 
111 1545.239673 
112 1545.239673 
113 1540.264007 
114 1540.264007 
115 1540.264007 
116 1540.264007 
117 1540.264007 
118 1538.781286 
119 1538.781286 
120 1538.781286 
121 1536.783964 
122 1536.783964 
123 1536.783964 
124 1535.965265 
125 1533.530718 
126 1533.530718 
127 1533.530718 
128 1531.055636 
129 1531.055636 
130 1528.887042 
131 1528.887042 
132 1525.993897 
133 1520.110128 
134 1518.764484 
135 1518.764484 
136 1495.424199 
137 1495.424199 
138 1486.974572 
139 1486.974572 
140 1486.974572 
141 1486.974572 
142 1486.974572 
143 1484.913573 
144 1464.301867 
145 1464.301867 
146 1464.301867 
147 1464.301867 
148 1461.786517 
149 1461.786517 
150 1461.786517 
151 1461.786517 
152 1461.786517 
153 1461.786517 
154 1461.786517 
155 1457.990529 
156 1457.990529 
157 1457.990529 
158 1457.990529 
159 1457.990529 
160 1457.990529 
161 1457.990529 
162 1457.990529 
163 1457.990529 
164 1457.990529 
165 1457.990529 
166 1457.990529 
167 1457.990529 
168 1457.990529 
169 1457.990529 
170 1457.990529 
171 1457.990529 
172 1457.990529 
173 1457.990529 
174 1457.990529 
175 1457.990529 
176 1457.990529 
177 1457.990529 
178 1457.990529 
179 1457.990529 
180 1457.990529 
181 1457.990529 
182 1457.990529 
183 1457.990529 
184 1457.990529 
185 1457.990529 
186 1457.990529 
187 1457.990529 
188 1457.990529 
189 1457.990529 
190 1456.726948 
191 1456.726948 
192 1456.575089 
193 1456.575089 
194 1456.575089 
195 1456.575089 
196 1456.574486 
197 1456.574486 
198 1454.894672 
199 1454.894672 
200 1454.894672 
201 1454.894672 
202 1454.894672 
203 1454.894672 
204 1454.894672 
205 1454.894672 
206 1451.630146 
207 1451.629217 
208 1443.440304 
209 1443.440304 
210 1422.573139 
211 1422.573139 
212 1422.573139 
213 1422.573139 
214 1422.573139 
215 1422.573139 
216 1422.573139 
217 1404.435855 
218 1404.435855 
219 1404.326847 
220 1404.326847 
221 1393.894794 
222 1393.894794 
223 1393.894794 
224 1392.511165 
225 1392.511165 
226 1392.511165 
227 1392.511165 
228 1385.624194 
229 1376.406565 
230 1376.406565 
231 1376.406565 
232 1376.406565 
233 1376.406565 
234 1376.361871 
235 1376.361871 
236 1376.361871 
237 1376.361871 
238 1376.361871 
239 1376.361871 
240 1373.162845 
241 1372.720648 
242 1372.271535 
243 1372.271535 
244 1372.271535 
245 1372.259277 
246 1362.277078 
247 1362.277078 
248 1360.439736 
249 1360.439736 
250 1358.949439 
251 1358.949439 
252 1358.949439 
253 1349.103092 
254 1349.103092 
255 1349.103092 
256 1349.103092 
257 1349.103092 
258 1349.103092 
259 1349.103092 
260 1348.141951 
261 1348.141951 
262 1348.141951 
263 1348.141951 
264 1348.141951 
265 1348.141951 
266 1322.759930 
267 1322.759930 
268 1322.759930 
269 1322.759930 
270 1322.680687 
271 1322.680687 
272 1322.680687 
273 1322.680687 
274 1322.680687 
275 1322.680687 
276 1322.680687 
277 1322.329170 
278 1316.165598 
279 1316.165598 
280 1316.165598 
281 1315.103779 
282 1315.103779 
283 1315.103779 
284 1313.495934 
285 1302.939594 
286 1302.939594 
287 1302.939594 
288 1302.931658 
289 1296.606231 
290 1296.606231 
291 1296.606231 
292 1296.606231 
293 1296.606231 
294 1292.731562 
295 1292.731562 
296 1292.731562 
297 1292.731562 
298 1291.895288 
299 1291.895288 
300 1291.895288 
301 1284.944620 
302 1284.944620 
303 1284.944620 
304 1284.944620 
305 1283.760285 
306 1283.760285 
307 1283.347240 
308 1283.347240 
309 1282.134461 
310 1282.134461 
311 1269.470957 
312 1269.470957 
313 1269.470957 
314 1269.470957 
315 1269.470957 
316 1269.268093 
317 1262.882629 
318 1262.739888 
319 1262.360765 
320 1262.360765 
321 1262.360765 
322 1262.360765 
323 1252.833773 
324 1252.833773 
325 1252.833773 
326 1252.833773 
327 1252.833773 
328 1252.833773 
329 1252.833773 
330 1252.097673 
331 1252.097673 
332 1249.869278 
333 1249.869278 
334 1248.801751 
335 1248.801751 
336 1247.369446 
337 1244.275135 
338 1244.275135 
339 1242.353958 
340 1239.964167 
341 1239.964167 
342 1239.663181 
343 1239.663181 
344 1239.663181 
345 1239.663181 
346 1239.026932 
347 1235.196539 
348 1235.196539 
349 1235.196539 
350 1235.196539 
351 1235.196539 
352 1235.196539 
353 1235.196539 
354 1235.196539 
355 1233.892361 
356 1233.892361 
357 1233.892361 
358 1233.892361 
359 1233.892361 
360 1233.892361 
361 1233.892361 
362 1233.892361 
363 1233.892361 
364 1233.892361 
365 1233.892361 
366 1233.892361 
367 1233.892361 
368 1233.892361 
369 1233.892361 
370 1233.892361 
371 1233.892361 
372 1233.892361 
373 1233.892361 
374 1233.892361 
375 1233.892361 
376 1233.892361 
377 1233.892361 
378 1233.892361 
379 1233.892361 
380 1233.892361 
381 1233.892361 
382 1233.892361 
383 1233.892361 
384 1233.892361 
385 1233.892361 
386 1233.892361 
387 1233.892361 
388 1233.892361 
389 1233.892361 
390 1233.892361 
391 1233.708764 
392 1233.708764 
393 1233.708764 
394 1233.708764 
395 1233.708764 
396 1233.708764 
397 1233.708764 
398 1233.708764 
399 1233.708764 
400 1233.708764 
401 1233.708764 
402 1233.708764 
403 1233.708764 
404 1233.708764 
405 1233.708764 
406 1233.708764 
407 1233.708764 
408 1233.708764 
409 1233.708764 
410 1229.070373 
411 1229.070373 
412 1229.070373 
413 1229.070373 
414 1229.070373 
415 1229.070373 
416 1229.070373 
417 1229.070373 
418 1229.070373 
419 1229.070373 
420 1229.064476 
421 1227.883861 
422 1225.068697 
423 1225.068697 
424 1225.068697 
425 1225.068697 
426 1221.428982 
427 1221.428982 
428 1221.428982 
429 1221.428982 
430 1221.428982 
431 1220.110612 
432 1220.110612 
433 1220.110612 
434 1220.110612 
435 1220.110612 
436 1220.110612 
437 1220.110612 
438 1220.110612 
439 1220.110612 
440 1220.110612 
441 1220.110612 
442 1220.110612 
443 1220.110612 
444 1218.597806 
445 1218.597806 
446 1218.597806 
447 1218.597806 
448 1218.597806 
449 1217.846192 
450 1217.846192 
451 1217.846192 
452 1217.846192 
453 1217.846192 
454 1217.115864 
455 1217.115864 
456 1217.115864 
457 1217.115864 
458 1217.115864 
459 1217.115864 
460 1217.115864 
461 1217.115864 
462 1216.940661 
463 1216.940661 
464 1216.138628 
465 1215.806167 
466 1215.802690 
467 1215.802690 
468 1215.802690 
469 1215.802690 
470 1215.802690 
471 1215.611352 
472 1215.611352 
473 1215.611352 
474 1215.611352 
475 1215.610734 
476 1215.601742 
477 1215.601742 
478 1215.582888 
479 1215.434217 
480 1215.434217 
481 1215.434217 
482 1215.434217 
483 1215.434217 
484 1215.434217 
485 1215.281580 
486 1215.281580 
487 1215.123388 
488 1215.123388 
489 1215.123388 
490 1214.818861 
491 1214.818861 
492 1214.818861 
493 1214.818861 
494 1214.818861 
495 1214.659016 
496 1214.246853 
497 1214.246853 
498 1213.870117 
499 1213.870117 
500 1213.246063 
