0.000000 0.990565
0.030000 0.106822
0.060000 0.216527
0.090000 0.222300
0.120000 0.222590
0.150000 0.222604
0.180000 0.222605
0.210000 0.222605
0.240000 0.222605
0.270000 0.222605
0.300000 0.222605
0.330000 0.222605
0.360000 0.222605
0.390000 0.222605
0.420000 0.222605
0.450000 0.222605
0.480000 0.222605
0.510000 0.222605
0.540000 0.222605
0.570000 0.222607
0.600000 0.222615
0.630000 0.222631
0.660000 0.222482
0.690000 0.219040
0.720000 0.172554
0.750000 0.231047
0.780000 1.010077
0.810000 0.967826
0.840000 0.982716
0.870000 1.616888
0.900000 1.917615
0.930000 1.962266
0.960000 1.967138
0.990000 1.967605
1.020000 1.967639
1.050000 1.967639
1.080000 1.967638
1.110000 1.967638
1.140000 1.967638
1.170000 1.967638
1.200000 1.967638
1.230000 1.967638
1.260000 1.967638
1.290000 1.967638
1.320000 1.967638
1.350000 1.967638
1.380000 1.967638
1.410000 1.967638
1.440000 1.967638
1.470000 1.967638
1.500000 1.967638
1.530000 1.967638
1.560000 1.967638
1.590000 1.967638
1.620000 1.967638
1.650000 1.967638
1.680000 1.967638
1.710000 1.967638
1.740000 1.967638
1.770000 1.967638
1.800000 1.967638
1.830000 1.967638
1.860000 1.967638
1.890000 1.967638
1.920000 1.967638
1.950000 1.967638
1.980000 1.967638
2.010000 1.967637
2.040000 1.967637
2.070000 1.967636
2.100000 1.967634
2.130000 1.967631
2.160000 1.967624
2.190000 1.967612
2.220000 1.967590
2.250000 1.967548
2.280000 1.967470
2.310000 1.967324
2.340000 1.967049
2.370000 1.966536
2.400000 1.965575
2.430000 1.963776
2.460000 1.960416
2.490000 1.954154
2.520000 1.942530
2.550000 1.921124
2.580000 1.882271
2.610000 1.813572
2.640000 1.697530
2.670000 1.515888
2.700000 1.262881
2.730000 0.962306
2.760000 0.665933
2.790000 0.422813
2.820000 0.251728
2.850000 0.143907
2.880000 0.080607
2.910000 0.044982
2.940000 0.025407
2.970000 0.014794
0.000000 0.393170
0.030000 0.033613
0.060000 0.019890
0.090000 0.024191
0.120000 0.024513
0.150000 0.024516
0.180000 0.024125
0.210000 0.016665
0.240000 0.115786
0.270000 0.980805
0.300000 0.982289
0.330000 0.982167
0.360000 0.983307
0.390000 0.979304
0.420000 0.978878
0.450000 0.978850
0.480000 0.978848
0.510000 0.978848
0.540000 0.978848
0.570000 0.978848
0.600000 0.978848
0.630000 0.978848
0.660000 0.978848
0.690000 0.978848
0.720000 0.978848
0.750000 0.978848
0.780000 0.978848
0.810000 0.978848
0.840000 0.978848
0.870000 0.978845
0.900000 0.978785
0.930000 0.977589
0.960000 0.954192
0.990000 0.648302
1.020000 0.114256
1.050000 0.038626
1.080000 0.034513
1.110000 0.034308
1.140000 0.034298
1.170000 0.034297
1.200000 0.034296
1.230000 0.034286
1.260000 0.034199
1.290000 0.033444
1.320000 0.026939
1.350000 0.026166
1.380000 0.323882
1.410000 0.793100
1.440000 0.940117
1.470000 0.960475
1.500000 0.962875
1.530000 0.963152
1.560000 0.963184
1.590000 0.963187
1.620000 0.963188
1.650000 0.963188
1.680000 0.963188
1.710000 0.963188
1.740000 0.963188
1.770000 0.963188
1.800000 0.963188
1.830000 0.963188
1.860000 0.963188
1.890000 0.963188
1.920000 0.963188
1.950000 0.963188
1.980000 0.963188
2.010000 0.963188
2.040000 0.963188
2.070000 0.963188
2.100000 0.963188
2.130000 0.963188
2.160000 0.963188
2.190000 0.963188
2.220000 0.963188
2.250000 0.963188
2.280000 0.963188
2.310000 0.963188
2.340000 0.963188
2.370000 0.963188
2.400000 0.963188
2.430000 0.963188
2.460000 0.963188
2.490000 0.963188
2.520000 0.963188
2.550000 0.963188
2.580000 0.963188
2.610000 0.963188
2.640000 0.963188
2.670000 0.963188
2.700000 0.963188
2.730000 0.963188
2.760000 0.963188
2.790000 0.963188
2.820000 0.963188
2.850000 0.963188
2.880000 0.963188
2.910000 0.963188
2.940000 0.963188
2.970000 0.963188
0.000000 0.990565
0.030000 0.989431
0.060000 0.988638
0.090000 0.987865
0.120000 0.987096
0.150000 0.986331
0.180000 0.985571
0.210000 0.984819
0.240000 0.984073
0.270000 0.983336
0.300000 0.982609
0.330000 0.981891
0.360000 0.981185
0.390000 0.980490
0.420000 0.979808
0.450000 0.979138
0.480000 0.978483
0.510000 0.977841
0.540000 0.977214
0.570000 0.976602
0.600000 0.976005
0.630000 0.975424
0.660000 0.974858
0.690000 0.974308
0.720000 0.973775
0.750000 0.973257
0.780000 0.972755
0.810000 0.972270
0.840000 0.971800
0.870000 0.971346
0.900000 0.970907
0.930000 0.970484
0.960000 0.970077
0.990000 0.969684
1.020000 0.969306
1.050000 0.968942
1.080000 0.968592
1.110000 0.968257
1.140000 0.967934
1.170000 0.967625
1.200000 0.967328
1.230000 0.967044
1.260000 0.966771
1.290000 0.966510
1.320000 0.966261
1.350000 0.966022
1.380000 0.965794
1.410000 0.965576
1.440000 0.965367
1.470000 0.965168
1.500000 0.964979
1.530000 0.964797
1.560000 0.964624
1.590000 0.964460
1.620000 0.964302
1.650000 0.964153
1.680000 0.964010
1.710000 0.963874
1.740000 0.963745
1.770000 0.963621
1.800000 0.963504
1.830000 0.963392
1.860000 0.963286
1.890000 0.963185
1.920000 0.963089
1.950000 0.962998
1.980000 0.962911
2.010000 0.962828
2.040000 0.962750
2.070000 0.962675
2.100000 0.962604
2.130000 0.962537
2.160000 0.962473
2.190000 0.962412
2.220000 0.962355
2.250000 0.962300
2.280000 0.962248
2.310000 0.962199
2.340000 0.962152
2.370000 0.962107
2.400000 0.962065
2.430000 0.962025
2.460000 0.961987
2.490000 0.961951
2.520000 0.961916
2.550000 0.961884
2.580000 0.961853
2.610000 0.961824
2.640000 0.961796
2.670000 0.961770
2.700000 0.961745
2.730000 0.961721
2.760000 0.961699
2.790000 0.961677
2.820000 0.961657
2.850000 0.961638
2.880000 0.961620
2.910000 0.961603
2.940000 0.961586
2.970000 0.961571
0.000000 0.990568
0.030000 0.986485
0.060000 0.982618
0.090000 0.979139
0.120000 0.976151
0.150000 0.973684
0.180000 0.971715
0.210000 0.970185
0.240000 0.969019
0.270000 0.968145
0.300000 0.967498
0.330000 0.967022
0.360000 0.966675
0.390000 0.966423
0.420000 0.966241
0.450000 0.966110
0.480000 0.966015
0.510000 0.965947
0.540000 0.965898
0.570000 0.965862
0.600000 0.965837
0.630000 0.965819
0.660000 0.965806
0.690000 0.965797
0.720000 0.965790
0.750000 0.965785
0.780000 0.965782
0.810000 0.965779
0.840000 0.965777
0.870000 0.965776
0.900000 0.965775
0.930000 0.965774
0.960000 0.965774
0.990000 0.965774
1.020000 0.965773
1.050000 0.965773
1.080000 0.965773
1.110000 0.965773
1.140000 0.965773
1.170000 0.965773
1.200000 0.965773
1.230000 0.965773
1.260000 0.965773
1.290000 0.965773
1.320000 0.965773
1.350000 0.965773
1.380000 0.965773
1.410000 0.965773
1.440000 0.965773
1.470000 0.965773
1.500000 0.965773
1.530000 0.965773
1.560000 0.965773
1.590000 0.965773
1.620000 0.965773
1.650000 0.965773
1.680000 0.965773
1.710000 0.965773
1.740000 0.965773
1.770000 0.965773
1.800000 0.965773
1.830000 0.965773
1.860000 0.965773
1.890000 0.965773
1.920000 0.965773
1.950000 0.965773
1.980000 0.965773
2.010000 0.965773
2.040000 0.965773
2.070000 0.965773
2.100000 0.965773
2.130000 0.965773
2.160000 0.965773
2.190000 0.965773
2.220000 0.965773
2.250000 0.965773
2.280000 0.965773
2.310000 0.965773
2.340000 0.965773
2.370000 0.965773
2.400000 0.965773
2.430000 0.965773
2.460000 0.965773
2.490000 0.965773
2.520000 0.965773
2.550000 0.965773
2.580000 0.965773
2.610000 0.965773
2.640000 0.965773
2.670000 0.965773
2.700000 0.965773
2.730000 0.965773
2.760000 0.965773
2.790000 0.965773
2.820000 0.965773
2.850000 0.965773
2.880000 0.965774
2.910000 0.965776
2.940000 0.965781
2.970000 0.965794
0.000000 0.990566
0.030000 0.989703
0.060000 0.988862
0.090000 0.988042
0.120000 0.987241
0.150000 0.986458
0.180000 0.985693
0.210000 0.984944
0.240000 0.984210
0.270000 0.983492
0.300000 0.982789
0.330000 0.982101
0.360000 0.981428
0.390000 0.980770
0.420000 0.980127
0.450000 0.979498
0.480000 0.978883
0.510000 0.978284
0.540000 0.977698
0.570000 0.977127
0.600000 0.976570
0.630000 0.976027
0.660000 0.975497
0.690000 0.974981
0.720000 0.974478
0.750000 0.973988
0.780000 0.973511
0.810000 0.973046
0.840000 0.972593
0.870000 0.972152
0.900000 0.971723
0.930000 0.971305
0.960000 0.970897
0.990000 0.970501
1.020000 0.970115
1.050000 0.969740
1.080000 0.969374
1.110000 0.969019
1.140000 0.968672
1.170000 0.968335
1.200000 0.968007
1.230000 0.967688
1.260000 0.967377
1.290000 0.967075
1.320000 0.966781
1.350000 0.966495
1.380000 0.966216
1.410000 0.965945
1.440000 0.965681
1.470000 0.965425
1.500000 0.965175
1.530000 0.964932
1.560000 0.964696
1.590000 0.964466
1.620000 0.964242
1.650000 0.964024
1.680000 0.963813
1.710000 0.963606
1.740000 0.963406
1.770000 0.963211
1.800000 0.963021
1.830000 0.962837
1.860000 0.962657
1.890000 0.962482
1.920000 0.962312
1.950000 0.962147
1.980000 0.961986
2.010000 0.961830
2.040000 0.961678
2.070000 0.961530
2.100000 0.961386
2.130000 0.961246
2.160000 0.961109
2.190000 0.960977
2.220000 0.960848
2.250000 0.960722
2.280000 0.960600
2.310000 0.960482
2.340000 0.960366
2.370000 0.960254
2.400000 0.960145
2.430000 0.960039
2.460000 0.959935
2.490000 0.959835
2.520000 0.959737
2.550000 0.959642
2.580000 0.959549
2.610000 0.959460
2.640000 0.959372
2.670000 0.959287
2.700000 0.959204
2.730000 0.959124
2.760000 0.959045
2.790000 0.958969
2.820000 0.958895
2.850000 0.958823
2.880000 0.958753
2.910000 0.958685
2.940000 0.958619
2.970000 0.958554
0.000000 1.048555
0.030000 0.989666
0.060000 0.988830
0.090000 0.988216
0.120000 0.987406
0.150000 0.986591
0.180000 0.985794
0.210000 0.985017
0.240000 0.984260
0.270000 0.983523
0.300000 0.982805
0.330000 0.982106
0.360000 0.981425
0.390000 0.980762
0.420000 0.980116
0.450000 0.979487
0.480000 0.978874
0.510000 0.978277
0.540000 0.977696
0.570000 0.977130
0.600000 0.976579
0.630000 0.976043
0.660000 0.975521
0.690000 0.975012
0.720000 0.974517
0.750000 0.974035
0.780000 0.973565
0.810000 0.973104
0.840000 0.972621
0.870000 0.972102
0.900000 0.971660
0.930000 0.971248
0.960000 0.970848
0.990000 0.970459
1.020000 0.970080
1.050000 0.969711
1.080000 0.969352
1.110000 0.969003
1.140000 0.968663
1.170000 0.968332
1.200000 0.968010
1.230000 0.967696
1.260000 0.967391
1.290000 0.967094
1.320000 0.966805
1.350000 0.966523
1.380000 0.966249
1.410000 0.965983
1.440000 0.965723
1.470000 0.965470
1.500000 0.965222
1.530000 0.964977
1.560000 0.964730
1.590000 0.964474
1.620000 0.964221
1.650000 0.963986
1.680000 0.963768
1.710000 0.963562
1.740000 0.963363
1.770000 0.963170
1.800000 0.962983
1.830000 0.962801
1.860000 0.962623
1.890000 0.962451
1.920000 0.962283
1.950000 0.962119
1.980000 0.961960
2.010000 0.961805
2.040000 0.961655
2.070000 0.961508
2.100000 0.961366
2.130000 0.961227
2.160000 0.961092
2.190000 0.960961
2.220000 0.960833
2.250000 0.960708
2.280000 0.960587
2.310000 0.960470
2.340000 0.960355
2.370000 0.960244
2.400000 0.960135
2.430000 0.960030
2.460000 0.959927
2.490000 0.959827
2.520000 0.959730
2.550000 0.959635
2.580000 0.959543
2.610000 0.959453
2.640000 0.959366
2.670000 0.959281
2.700000 0.959199
2.730000 0.959119
2.760000 0.959041
2.790000 0.958965
2.820000 0.958891
2.850000 0.958819
2.880000 0.958749
2.910000 0.958681
2.940000 0.958614
2.970000 0.958550
0.000000 0.991519
0.030000 0.167871
0.060000 0.033151
0.090000 0.011849
0.120000 0.002579
0.150000 0.002717
0.180000 0.004629
0.210000 0.003404
0.240000 0.000520
0.270000 0.006498
0.300000 0.013741
0.330000 0.021393
0.360000 0.028621
0.390000 0.034701
0.420000 0.039073
0.450000 0.041377
0.480000 0.041453
0.510000 0.039326
0.540000 0.035163
0.570000 0.029232
0.600000 0.021862
0.630000 0.013402
0.660000 0.004191
0.690000 0.005457
0.720000 0.015271
0.750000 0.025025
0.780000 0.034539
0.810000 0.043678
0.840000 0.052344
0.870000 0.060474
0.900000 0.068031
0.930000 0.075001
0.960000 0.081383
0.990000 0.087157
1.020000 0.091791
1.050000 0.086933
1.080000 0.036888
1.110000 0.647772
1.140000 0.954073
1.170000 0.980499
1.200000 0.979784
1.230000 0.977515
1.260000 0.975400
1.290000 0.973524
1.320000 0.971868
1.350000 0.970410
1.380000 0.969126
1.410000 0.967998
1.440000 0.967008
1.470000 0.966139
1.500000 0.965378
1.530000 0.964711
1.560000 0.964128
1.590000 0.963617
1.620000 0.963172
1.650000 0.962782
1.680000 0.962442
1.710000 0.962145
1.740000 0.961887
1.770000 0.961661
1.800000 0.961465
1.830000 0.961294
1.860000 0.961144
1.890000 0.961015
1.920000 0.960902
1.950000 0.960804
1.980000 0.960718
2.010000 0.960644
2.040000 0.960579
2.070000 0.960523
2.100000 0.960474
2.130000 0.960432
2.160000 0.960395
2.190000 0.960363
2.220000 0.960336
2.250000 0.960312
2.280000 0.960291
2.310000 0.960272
2.340000 0.960257
2.370000 0.960243
2.400000 0.960231
2.430000 0.960221
2.460000 0.960212
2.490000 0.960204
2.520000 0.960198
2.550000 0.960192
2.580000 0.960187
2.610000 0.960182
2.640000 0.960179
2.670000 0.960175
2.700000 0.960173
2.730000 0.960170
2.760000 0.960168
2.790000 0.960166
2.820000 0.960165
2.850000 0.960163
2.880000 0.960162
2.910000 0.960161
2.940000 0.960160
2.970000 0.960159
0.000000 0.006030
0.030000 0.006645
0.060000 0.007259
0.090000 0.007871
0.120000 0.008482
0.150000 0.009091
0.180000 0.009698
0.210000 0.010301
0.240000 0.010901
0.270000 0.011496
0.300000 0.012087
0.330000 0.012673
0.360000 0.013254
0.390000 0.013828
0.420000 0.014391
0.450000 0.014871
0.480000 0.014199
0.510000 0.003371
0.540000 0.230389
0.570000 0.973731
0.600000 0.977470
0.630000 0.974872
0.660000 0.975355
0.690000 0.974981
0.720000 0.974504
0.750000 0.974026
0.780000 0.973557
0.810000 0.973097
0.840000 0.972646
0.870000 0.972205
0.900000 0.971774
0.930000 0.971352
0.960000 0.970940
0.990000 0.970538
1.020000 0.970146
1.050000 0.969763
1.080000 0.969389
1.110000 0.969025
1.140000 0.968671
1.170000 0.968325
1.200000 0.967989
1.230000 0.967662
1.260000 0.967344
1.290000 0.967035
1.320000 0.966734
1.350000 0.966442
1.380000 0.966158
1.410000 0.965883
1.440000 0.965615
1.470000 0.965356
1.500000 0.965104
1.530000 0.964859
1.560000 0.964622
1.590000 0.964392
1.620000 0.964169
1.650000 0.963953
1.680000 0.963743
1.710000 0.963540
1.740000 0.963343
1.770000 0.963152
1.800000 0.962968
1.830000 0.962788
1.860000 0.962615
1.890000 0.962447
1.920000 0.962284
1.950000 0.962126
1.980000 0.961973
2.010000 0.961824
2.040000 0.961681
2.070000 0.961541
2.100000 0.961406
2.130000 0.961276
2.160000 0.961149
2.190000 0.961026
2.220000 0.960907
2.250000 0.960791
2.280000 0.960679
2.310000 0.960570
2.340000 0.960465
2.370000 0.960362
2.400000 0.960263
2.430000 0.960166
2.460000 0.960072
2.490000 0.959981
2.520000 0.959893
2.550000 0.959807
2.580000 0.959723
2.610000 0.959642
2.640000 0.959562
2.670000 0.959485
2.700000 0.959410
2.730000 0.959337
2.760000 0.959266
2.790000 0.959197
2.820000 0.959129
2.850000 0.959063
2.880000 0.958999
2.910000 0.958936
2.940000 0.958875
2.970000 0.958816
0.000000 0.268842
0.030000 0.986534
0.060000 0.983637
0.090000 0.086003
0.120000 0.042752
0.150000 0.029488
0.180000 0.021729
0.210000 0.018959
0.240000 0.018023
0.270000 0.017709
0.300000 0.017604
0.330000 0.017569
0.360000 0.017557
0.390000 0.017553
0.420000 0.017552
0.450000 0.017552
0.480000 0.017552
0.510000 0.017552
0.540000 0.017551
0.570000 0.017551
0.600000 0.017551
0.630000 0.017551
0.660000 0.017551
0.690000 0.017551
0.720000 0.017550
0.750000 0.017517
0.780000 0.016867
0.810000 0.003938
0.840000 0.213576
0.870000 0.974294
0.900000 0.978621
0.930000 0.967709
0.960000 0.967105
0.990000 0.967075
1.020000 0.967073
1.050000 0.967073
1.080000 0.967073
1.110000 0.967072
1.140000 0.967072
1.170000 0.967071
1.200000 0.967069
1.230000 0.967067
1.260000 0.967064
1.290000 0.967059
1.320000 0.967051
1.350000 0.967038
1.380000 0.967019
1.410000 0.966990
1.440000 0.966945
1.470000 0.966876
1.500000 0.966773
1.530000 0.966619
1.560000 0.966396
1.590000 0.966081
1.620000 0.965655
1.650000 0.965112
1.680000 0.964467
1.710000 0.963766
1.740000 0.963072
1.770000 0.962444
1.800000 0.961923
1.830000 0.961519
1.860000 0.961223
1.890000 0.961015
1.920000 0.960872
1.950000 0.960777
1.980000 0.960714
2.010000 0.960672
2.040000 0.960645
2.070000 0.960627
2.100000 0.960616
2.130000 0.960609
2.160000 0.960604
2.190000 0.960601
2.220000 0.960599
2.250000 0.960597
2.280000 0.960597
2.310000 0.960596
2.340000 0.960596
2.370000 0.960595
2.400000 0.960595
2.430000 0.960595
2.460000 0.960595
2.490000 0.960595
2.520000 0.960595
2.550000 0.960595
2.580000 0.960595
2.610000 0.960595
2.640000 0.960595
2.670000 0.960595
2.700000 0.960595
2.730000 0.960595
2.760000 0.960595
2.790000 0.960595
2.820000 0.960595
2.850000 0.960595
2.880000 0.960595
2.910000 0.960595
2.940000 0.960595
2.970000 0.960595
0.000000 0.990566
0.030000 0.989993
0.060000 0.989931
0.090000 0.989926
0.120000 0.989925
0.150000 0.989925
0.180000 0.989924
0.210000 0.989924
0.240000 0.989924
0.270000 0.989924
0.300000 0.989924
0.330000 0.989921
0.360000 0.989852
0.390000 0.988476
0.420000 0.961590
0.450000 0.614953
0.480000 0.030702
0.510000 0.049967
0.540000 0.054339
0.570000 0.054558
0.600000 0.054569
0.630000 0.054569
0.660000 0.054569
0.690000 0.054569
0.720000 0.054569
0.750000 0.054569
0.780000 0.054569
0.810000 0.054569
0.840000 0.054569
0.870000 0.054568
0.900000 0.054547
0.930000 0.054138
0.960000 0.046287
0.990000 0.084774
1.020000 0.712917
1.050000 0.946243
1.080000 0.962230
1.110000 0.963071
1.140000 0.963114
1.170000 0.963117
1.200000 0.963117
1.230000 0.963117
1.260000 0.963117
1.290000 0.963117
1.320000 0.963117
1.350000 0.963117
1.380000 0.963117
1.410000 0.963117
1.440000 0.963117
1.470000 0.963117
1.500000 0.963117
1.530000 0.963117
1.560000 0.963117
1.590000 0.963117
1.620000 0.963117
1.650000 0.963117
1.680000 0.963117
1.710000 0.963117
1.740000 0.963117
1.770000 0.963117
1.800000 0.963117
1.830000 0.963117
1.860000 0.963117
1.890000 0.963117
1.920000 0.963117
1.950000 0.963117
1.980000 0.963117
2.010000 0.963117
2.040000 0.963117
2.070000 0.963117
2.100000 0.963117
2.130000 0.963117
2.160000 0.963117
2.190000 0.963117
2.220000 0.963117
2.250000 0.963117
2.280000 0.963117
2.310000 0.963117
2.340000 0.963117
2.370000 0.963117
2.400000 0.963117
2.430000 0.963117
2.460000 0.963117
2.490000 0.963117
2.520000 0.963117
2.550000 0.963117
2.580000 0.963117
2.610000 0.963117
2.640000 0.963117
2.670000 0.963117
2.700000 0.963117
2.730000 0.963117
2.760000 0.963117
2.790000 0.963117
2.820000 0.963117
2.850000 0.963117
2.880000 0.963117
2.910000 0.963117
2.940000 0.963117
2.970000 0.963117
0.000000 0.344256
0.030000 0.989653
0.060000 0.989325
0.090000 0.987136
0.120000 0.986364
0.150000 0.985757
0.180000 0.985181
0.210000 0.984614
0.240000 0.984050
0.270000 0.983490
0.300000 0.982934
0.330000 0.982382
0.360000 0.981834
0.390000 0.981291
0.420000 0.980744
0.450000 0.980121
0.480000 0.979107
0.510000 0.978113
0.540000 0.977514
0.570000 0.976997
0.600000 0.976495
0.630000 0.976000
0.660000 0.975513
0.690000 0.975033
0.720000 0.974561
0.750000 0.974096
0.780000 0.973639
0.810000 0.973190
0.840000 0.972749
0.870000 0.972316
0.900000 0.971892
0.930000 0.971476
0.960000 0.971068
0.990000 0.970669
1.020000 0.970278
1.050000 0.969896
1.080000 0.969522
1.110000 0.969156
1.140000 0.968799
1.170000 0.968451
1.200000 0.968110
1.230000 0.967778
1.260000 0.967455
1.290000 0.967139
1.320000 0.966831
1.350000 0.966532
1.380000 0.966240
1.410000 0.965956
1.440000 0.965680
1.470000 0.965411
1.500000 0.965150
1.530000 0.964896
1.560000 0.964649
1.590000 0.964409
1.620000 0.964177
1.650000 0.963951
1.680000 0.963731
1.710000 0.963519
1.740000 0.963312
1.770000 0.963112
1.800000 0.962918
1.830000 0.962730
1.860000 0.962548
1.890000 0.962371
1.920000 0.962200
1.950000 0.962035
1.980000 0.961874
2.010000 0.961719
2.040000 0.961569
2.070000 0.961424
2.100000 0.961283
2.130000 0.961147
2.160000 0.961016
2.190000 0.960889
2.220000 0.960766
2.250000 0.960647
2.280000 0.960533
2.310000 0.960422
2.340000 0.960314
2.370000 0.960211
2.400000 0.960111
2.430000 0.960014
2.460000 0.959921
2.490000 0.959831
2.520000 0.959744
2.550000 0.959660
2.580000 0.959579
2.610000 0.959501
2.640000 0.959426
2.670000 0.959353
2.700000 0.959283
2.730000 0.959215
2.760000 0.959150
2.790000 0.959087
2.820000 0.959026
2.850000 0.958967
2.880000 0.958911
2.910000 0.958856
2.940000 0.958804
2.970000 0.958753
0.000000 0.003372
0.030000 0.002501
0.060000 0.006981
0.090000 0.009744
0.120000 0.011231
0.150000 0.011972
0.180000 0.012328
0.210000 0.012496
0.240000 0.012574
0.270000 0.012610
0.300000 0.012627
0.330000 0.012635
0.360000 0.012639
0.390000 0.012640
0.420000 0.012641
0.450000 0.012642
0.480000 0.012642
0.510000 0.012642
0.540000 0.012642
0.570000 0.012642
0.600000 0.012642
0.630000 0.012642
0.660000 0.012642
0.690000 0.012642
0.720000 0.012642
0.750000 0.012642
0.780000 0.012642
0.810000 0.012642
0.840000 0.012642
0.870000 0.012642
0.900000 0.012642
0.930000 0.012642
0.960000 0.012642
0.990000 0.012642
1.020000 0.012642
1.050000 0.012642
1.080000 0.012642
1.110000 0.012642
1.140000 0.012642
1.170000 0.012642
1.200000 0.012642
1.230000 0.012642
1.260000 0.012642
1.290000 0.012642
1.320000 0.012642
1.350000 0.012642
1.380000 0.012642
1.410000 0.012640
1.440000 0.012632
1.470000 0.012593
1.500000 0.012389
1.530000 0.011339
1.560000 0.005980
1.590000 0.020826
1.620000 0.144374
1.650000 0.543642
1.680000 0.960767
1.710000 0.977008
1.740000 0.959939
1.770000 0.959373
1.800000 0.960071
1.830000 0.960346
1.860000 0.960423
1.890000 0.960441
1.920000 0.960445
1.950000 0.960446
1.980000 0.960446
2.010000 0.960446
2.040000 0.960446
2.070000 0.960446
2.100000 0.960446
2.130000 0.960446
2.160000 0.960446
2.190000 0.960446
2.220000 0.960446
2.250000 0.960446
2.280000 0.960446
2.310000 0.960446
2.340000 0.960446
2.370000 0.960446
2.400000 0.960446
2.430000 0.960446
2.460000 0.960446
2.490000 0.960446
2.520000 0.960446
2.550000 0.960446
2.580000 0.960446
2.610000 0.960446
2.640000 0.960446
2.670000 0.960446
2.700000 0.960446
2.730000 0.960446
2.760000 0.960446
2.790000 0.960446
2.820000 0.960446
2.850000 0.960446
2.880000 0.960446
2.910000 0.960446
2.940000 0.960446
2.970000 0.960446
0.000000 0.990568
0.030000 0.992187
0.060000 0.993691
0.090000 0.994996
0.120000 0.996069
0.150000 0.996981
0.180000 0.998480
0.210000 1.007863
0.240000 1.089357
0.270000 1.420256
0.300000 1.142486
0.330000 0.971248
0.360000 0.964205
0.390000 0.964420
0.420000 0.964516
0.450000 0.964547
0.480000 0.964564
0.510000 0.964574
0.540000 0.964582
0.570000 0.964586
0.600000 0.964590
0.630000 0.964592
0.660000 0.964594
0.690000 0.964595
0.720000 0.964595
0.750000 0.964596
0.780000 0.964596
0.810000 0.964596
0.840000 0.964596
0.870000 0.964597
0.900000 0.964597
0.930000 0.964597
0.960000 0.964597
0.990000 0.964597
1.020000 0.964597
1.050000 0.964597
1.080000 0.964597
1.110000 0.964597
1.140000 0.964597
1.170000 0.964597
1.200000 0.964597
1.230000 0.964597
1.260000 0.964597
1.290000 0.964597
1.320000 0.964597
1.350000 0.964597
1.380000 0.964597
1.410000 0.964597
1.440000 0.964597
1.470000 0.964597
1.500000 0.964597
1.530000 0.964597
1.560000 0.964597
1.590000 0.964597
1.620000 0.964597
1.650000 0.964597
1.680000 0.964597
1.710000 0.964597
1.740000 0.964597
1.770000 0.964597
1.800000 0.964597
1.830000 0.964597
1.860000 0.964597
1.890000 0.964597
1.920000 0.964597
1.950000 0.964597
1.980000 0.964597
2.010000 0.964596
2.040000 0.964596
2.070000 0.964596
2.100000 0.964596
2.130000 0.964596
2.160000 0.964595
2.190000 0.964594
2.220000 0.964593
2.250000 0.964592
2.280000 0.964590
2.310000 0.964587
2.340000 0.964582
2.370000 0.964576
2.400000 0.964568
2.430000 0.964556
2.460000 0.964539
2.490000 0.964514
2.520000 0.964480
2.550000 0.964430
2.580000 0.964361
2.610000 0.964262
2.640000 0.964121
2.670000 0.963921
2.700000 0.963638
2.730000 0.963235
2.760000 0.962664
2.790000 0.961854
2.820000 0.960704
2.850000 0.959073
2.880000 0.956762
2.910000 0.953487
2.940000 0.948851
2.970000 0.942296
0.000000 0.990567
0.030000 0.988436
0.060000 0.987278
0.090000 0.986846
0.120000 0.986708
0.150000 0.986666
0.180000 0.986654
0.210000 0.986650
0.240000 0.986649
0.270000 0.986648
0.300000 0.986646
0.330000 0.986620
0.360000 0.986460
0.390000 0.986330
0.420000 0.986313
0.450000 0.986312
0.480000 0.986311
0.510000 0.986308
0.540000 0.986265
0.570000 0.985813
0.600000 0.981555
0.630000 0.954357
0.660000 0.974740
0.690000 1.009404
0.720000 0.969578
0.750000 0.962890
0.780000 0.962175
0.810000 0.962107
0.840000 0.962101
0.870000 0.962101
0.900000 0.962101
0.930000 0.962101
0.960000 0.962101
0.990000 0.962101
1.020000 0.962101
1.050000 0.962101
1.080000 0.962101
1.110000 0.962101
1.140000 0.962101
1.170000 0.962101
1.200000 0.962101
1.230000 0.962101
1.260000 0.962101
1.290000 0.962101
1.320000 0.962101
1.350000 0.962101
1.380000 0.962101
1.410000 0.962101
1.440000 0.962101
1.470000 0.962101
1.500000 0.962101
1.530000 0.962101
1.560000 0.962101
1.590000 0.962101
1.620000 0.962101
1.650000 0.962101
1.680000 0.962101
1.710000 0.962101
1.740000 0.962101
1.770000 0.962101
1.800000 0.962101
1.830000 0.962101
1.860000 0.962101
1.890000 0.962101
1.920000 0.962101
1.950000 0.962101
1.980000 0.962101
2.010000 0.962101
2.040000 0.962101
2.070000 0.962101
2.100000 0.962101
2.130000 0.962101
2.160000 0.962101
2.190000 0.962101
2.220000 0.962101
2.250000 0.962101
2.280000 0.962101
2.310000 0.962101
2.340000 0.962101
2.370000 0.962101
2.400000 0.962101
2.430000 0.962101
2.460000 0.962101
2.490000 0.962101
2.520000 0.962101
2.550000 0.962101
2.580000 0.962101
2.610000 0.962101
2.640000 0.962101
2.670000 0.962101
2.700000 0.962101
2.730000 0.962101
2.760000 0.962101
2.790000 0.962101
2.820000 0.962101
2.850000 0.962101
2.880000 0.962101
2.910000 0.962101
2.940000 0.962101
2.970000 0.962101
0.000000 0.534699
0.030000 0.763563
0.060000 0.951444
0.090000 0.966099
0.120000 0.967171
0.150000 0.967249
0.180000 0.967254
0.210000 0.967255
0.240000 0.967255
0.270000 0.967255
0.300000 0.967255
0.330000 0.967255
0.360000 0.967255
0.390000 0.967255
0.420000 0.967255
0.450000 0.967255
0.480000 0.967255
0.510000 0.967255
0.540000 0.967255
0.570000 0.967255
0.600000 0.967255
0.630000 0.967255
0.660000 0.967255
0.690000 0.967255
0.720000 0.967255
0.750000 0.967255
0.780000 0.967255
0.810000 0.967255
0.840000 0.967255
0.870000 0.967255
0.900000 0.967255
0.930000 0.967255
0.960000 0.967255
0.990000 0.967255
1.020000 0.967255
1.050000 0.967255
1.080000 0.967255
1.110000 0.967255
1.140000 0.967255
1.170000 0.967255
1.200000 0.967255
1.230000 0.967255
1.260000 0.967255
1.290000 0.967255
1.320000 0.967255
1.350000 0.967255
1.380000 0.967255
1.410000 0.967255
1.440000 0.967255
1.470000 0.967255
1.500000 0.967255
1.530000 0.967255
1.560000 0.967255
1.590000 0.967255
1.620000 0.967255
1.650000 0.967255
1.680000 0.967255
1.710000 0.967255
1.740000 0.967255
1.770000 0.967255
1.800000 0.967255
1.830000 0.967255
1.860000 0.967255
1.890000 0.967255
1.920000 0.967255
1.950000 0.967255
1.980000 0.967255
2.010000 0.967255
2.040000 0.967255
2.070000 0.967255
2.100000 0.967255
2.130000 0.967255
2.160000 0.967255
2.190000 0.967255
2.220000 0.967255
2.250000 0.967255
2.280000 0.967255
2.310000 0.967255
2.340000 0.967255
2.370000 0.967255
2.400000 0.967255
2.430000 0.967255
2.460000 0.967255
2.490000 0.967255
2.520000 0.967255
2.550000 0.967255
2.580000 0.967255
2.610000 0.967255
2.640000 0.967255
2.670000 0.967255
2.700000 0.967255
2.730000 0.967255
2.760000 0.967255
2.790000 0.967255
2.820000 0.967255
2.850000 0.967255
2.880000 0.967255
2.910000 0.967255
2.940000 0.967255
2.970000 0.967255
0.000000 0.990565
0.030000 0.984814
0.060000 0.983747
0.090000 0.983638
0.120000 0.983627
0.150000 0.983627
0.180000 0.983626
0.210000 0.983626
0.240000 0.983626
0.270000 0.983625
0.300000 0.983614
0.330000 0.983465
0.360000 0.982205
0.390000 0.980302
0.420000 0.979939
0.450000 0.979909
0.480000 0.979907
0.510000 0.979906
0.540000 0.979906
0.570000 0.979906
0.600000 0.979906
0.630000 0.979906
0.660000 0.979906
0.690000 0.979906
0.720000 0.979906
0.750000 0.979906
0.780000 0.979906
0.810000 0.979903
0.840000 0.979843
0.870000 0.978632
0.900000 0.954894
0.930000 0.636442
0.960000 0.041754
0.990000 0.046747
1.020000 0.051591
1.050000 0.051834
1.080000 0.051846
1.110000 0.051846
1.140000 0.051846
1.170000 0.051846
1.200000 0.051846
1.230000 0.051846
1.260000 0.051846
1.290000 0.051846
1.320000 0.051846
1.350000 0.051846
1.380000 0.051846
1.410000 0.051844
1.440000 0.051832
1.470000 0.051756
1.500000 0.051273
1.530000 0.048211
1.560000 0.029154
1.590000 0.077087
1.620000 0.436229
1.650000 0.816307
1.680000 0.937383
1.710000 0.959552
1.740000 0.963128
1.770000 0.963692
1.800000 0.963781
1.830000 0.963795
1.860000 0.963797
1.890000 0.963797
1.920000 0.963797
1.950000 0.963797
1.980000 0.963797
2.010000 0.963797
2.040000 0.963797
2.070000 0.963797
2.100000 0.963797
2.130000 0.963797
2.160000 0.963797
2.190000 0.963797
2.220000 0.963797
2.250000 0.963797
2.280000 0.963797
2.310000 0.963797
2.340000 0.963797
2.370000 0.963797
2.400000 0.963797
2.430000 0.963797
2.460000 0.963797
2.490000 0.963797
2.520000 0.963797
2.550000 0.963797
2.580000 0.963797
2.610000 0.963797
2.640000 0.963797
2.670000 0.963797
2.700000 0.963797
2.730000 0.963797
2.760000 0.963797
2.790000 0.963797
2.820000 0.963797
2.850000 0.963797
2.880000 0.963797
2.910000 0.963797
2.940000 0.963797
2.970000 0.963797
0.000000 0.990565
0.030000 1.007434
0.060000 0.979183
0.090000 0.972981
0.120000 0.972216
0.150000 0.972141
0.180000 0.972141
0.210000 0.972150
0.240000 0.972159
0.270000 0.972170
0.300000 0.972181
0.330000 0.972192
0.360000 0.972204
0.390000 0.972217
0.420000 0.972231
0.450000 0.972245
0.480000 0.972260
0.510000 0.972276
0.540000 0.972293
0.570000 0.972311
0.600000 0.972330
0.630000 0.972350
0.660000 0.972372
0.690000 0.972394
0.720000 0.972418
0.750000 0.972443
0.780000 0.972469
0.810000 0.972498
0.840000 0.972527
0.870000 0.972558
0.900000 0.972592
0.930000 0.972627
0.960000 0.972664
0.990000 0.972703
1.020000 0.972744
1.050000 0.972788
1.080000 0.972834
1.110000 0.972883
1.140000 0.972935
1.170000 0.972989
1.200000 0.973047
1.230000 0.973108
1.260000 0.973172
1.290000 0.973241
1.320000 0.973313
1.350000 0.973389
1.380000 0.973469
1.410000 0.973555
1.440000 0.973644
1.470000 0.973739
1.500000 0.973837
1.530000 0.973937
1.560000 0.974025
1.590000 0.974063
1.620000 0.973921
1.650000 0.973205
1.680000 0.970877
1.710000 0.965128
1.740000 0.958399
1.770000 0.975368
1.800000 0.949776
1.830000 0.628877
1.860000 0.271976
1.890000 0.092915
1.920000 0.007476
1.950000 0.182054
1.980000 0.526771
2.010000 0.823910
2.040000 0.936717
2.070000 0.965335
2.100000 0.971602
2.130000 0.972733
2.160000 0.972713
2.190000 0.972424
2.220000 0.972060
2.250000 0.971663
2.280000 0.971240
2.310000 0.970793
2.340000 0.970320
2.370000 0.969820
2.400000 0.969293
2.430000 0.968735
2.460000 0.968146
2.490000 0.967524
2.520000 0.966867
2.550000 0.966173
2.580000 0.965441
2.610000 0.964666
2.640000 0.963849
2.670000 0.962986
2.700000 0.962074
2.730000 0.961112
2.760000 0.960096
2.790000 0.959024
2.820000 0.957891
2.850000 0.956696
2.880000 0.955435
2.910000 0.954104
2.940000 0.952700
2.970000 0.951218
0.000000 0.990567
0.030000 0.972223
0.060000 0.969003
0.090000 0.968006
0.120000 0.967379
0.150000 0.966936
0.180000 0.966621
0.210000 0.966397
0.240000 0.966237
0.270000 0.966122
0.300000 0.966041
0.330000 0.965983
0.360000 0.965942
0.390000 0.965912
0.420000 0.965891
0.450000 0.965876
0.480000 0.965865
0.510000 0.965858
0.540000 0.965852
0.570000 0.965848
0.600000 0.965846
0.630000 0.965844
0.660000 0.965842
0.690000 0.965841
0.720000 0.965841
0.750000 0.965840
0.780000 0.965840
0.810000 0.965839
0.840000 0.965839
0.870000 0.965839
0.900000 0.965839
0.930000 0.965839
0.960000 0.965839
0.990000 0.965839
1.020000 0.965839
1.050000 0.965839
1.080000 0.965839
1.110000 0.965839
1.140000 0.965839
1.170000 0.965839
1.200000 0.965839
1.230000 0.965839
1.260000 0.965839
1.290000 0.965839
1.320000 0.965839
1.350000 0.965839
1.380000 0.965839
1.410000 0.965839
1.440000 0.965839
1.470000 0.965839
1.500000 0.965839
1.530000 0.965839
1.560000 0.965839
1.590000 0.965839
1.620000 0.965839
1.650000 0.965839
1.680000 0.965839
1.710000 0.965839
1.740000 0.965839
1.770000 0.965839
1.800000 0.965839
1.830000 0.965839
1.860000 0.965839
1.890000 0.965839
1.920000 0.965839
1.950000 0.965839
1.980000 0.965839
2.010000 0.965839
2.040000 0.965839
2.070000 0.965839
2.100000 0.965839
2.130000 0.965839
2.160000 0.965839
2.190000 0.965839
2.220000 0.965839
2.250000 0.965839
2.280000 0.965839
2.310000 0.965839
2.340000 0.965839
2.370000 0.965839
2.400000 0.965839
2.430000 0.965839
2.460000 0.965839
2.490000 0.965839
2.520000 0.965839
2.550000 0.965839
2.580000 0.965839
2.610000 0.965839
2.640000 0.965839
2.670000 0.965839
2.700000 0.965839
2.730000 0.965839
2.760000 0.965839
2.790000 0.965839
2.820000 0.965839
2.850000 0.965839
2.880000 0.965839
2.910000 0.965839
2.940000 0.965839
2.970000 0.965839
0.000000 0.990566
0.030000 0.991563
0.060000 0.973523
0.090000 0.967898
0.120000 0.966829
0.150000 0.966645
0.180000 0.966615
0.210000 0.966610
0.240000 0.966609
0.270000 0.966609
0.300000 0.966609
0.330000 0.966609
0.360000 0.966609
0.390000 0.966609
0.420000 0.966609
0.450000 0.966609
0.480000 0.966609
0.510000 0.966609
0.540000 0.966609
0.570000 0.966609
0.600000 0.966609
0.630000 0.966609
0.660000 0.966609
0.690000 0.966609
0.720000 0.966609
0.750000 0.966609
0.780000 0.966609
0.810000 0.966609
0.840000 0.966609
0.870000 0.966609
0.900000 0.966609
0.930000 0.966609
0.960000 0.966609
0.990000 0.966609
1.020000 0.966609
1.050000 0.966609
1.080000 0.966609
1.110000 0.966609
1.140000 0.966609
1.170000 0.966609
1.200000 0.966609
1.230000 0.966609
1.260000 0.966609
1.290000 0.966609
1.320000 0.966609
1.350000 0.966609
1.380000 0.966609
1.410000 0.966609
1.440000 0.966609
1.470000 0.966609
1.500000 0.966609
1.530000 0.966609
1.560000 0.966609
1.590000 0.966609
1.620000 0.966609
1.650000 0.966609
1.680000 0.966609
1.710000 0.966609
1.740000 0.966609
1.770000 0.966609
1.800000 0.966609
1.830000 0.966609
1.860000 0.966609
1.890000 0.966609
1.920000 0.966609
1.950000 0.966609
1.980000 0.966609
2.010000 0.966609
2.040000 0.966609
2.070000 0.966609
2.100000 0.966609
2.130000 0.966609
2.160000 0.966609
2.190000 0.966609
2.220000 0.966609
2.250000 0.966609
2.280000 0.966609
2.310000 0.966609
2.340000 0.966609
2.370000 0.966609
2.400000 0.966609
2.430000 0.966609
2.460000 0.966609
2.490000 0.966609
2.520000 0.966609
2.550000 0.966609
2.580000 0.966609
2.610000 0.966609
2.640000 0.966609
2.670000 0.966609
2.700000 0.966609
2.730000 0.966609
2.760000 0.966609
2.790000 0.966609
2.820000 0.966609
2.850000 0.966609
2.880000 0.966609
2.910000 0.966609
2.940000 0.966609
2.970000 0.966609
0.000000 0.488926
0.030000 0.697564
0.060000 0.966089
0.090000 0.998234
0.120000 0.999688
0.150000 0.997701
0.180000 0.995466
0.210000 0.993343
0.240000 0.991363
0.270000 0.989522
0.300000 0.987809
0.330000 0.986216
0.360000 0.984735
0.390000 0.983357
0.420000 0.982075
0.450000 0.980882
0.480000 0.979772
0.510000 0.978738
0.540000 0.977776
0.570000 0.976879
0.600000 0.976043
0.630000 0.975263
0.660000 0.974535
0.690000 0.973856
0.720000 0.973221
0.750000 0.972627
0.780000 0.972072
0.810000 0.971551
0.840000 0.971063
0.870000 0.970605
0.900000 0.970175
0.930000 0.969771
0.960000 0.969389
0.990000 0.969030
1.020000 0.968690
1.050000 0.968369
1.080000 0.968065
1.110000 0.967777
1.140000 0.967502
1.170000 0.967241
1.200000 0.966992
1.230000 0.966754
1.260000 0.966526
1.290000 0.966307
1.320000 0.966097
1.350000 0.965895
1.380000 0.965699
1.410000 0.965510
1.440000 0.965327
1.470000 0.965149
1.500000 0.964975
1.530000 0.964806
1.560000 0.964641
1.590000 0.964480
1.620000 0.964321
1.650000 0.964165
1.680000 0.964011
1.710000 0.963860
1.740000 0.963710
1.770000 0.963562
1.800000 0.963415
1.830000 0.963269
1.860000 0.963125
1.890000 0.962980
1.920000 0.962837
1.950000 0.962693
1.980000 0.962550
2.010000 0.962407
2.040000 0.962263
2.070000 0.962120
2.100000 0.961976
2.130000 0.961831
2.160000 0.961686
2.190000 0.961540
2.220000 0.961393
2.250000 0.961246
2.280000 0.961097
2.310000 0.960948
2.340000 0.960797
2.370000 0.960645
2.400000 0.960492
2.430000 0.960337
2.460000 0.960181
2.490000 0.960023
2.520000 0.959864
2.550000 0.959704
2.580000 0.959541
2.610000 0.959377
2.640000 0.959212
2.670000 0.959044
2.700000 0.958875
2.730000 0.958703
2.760000 0.958530
2.790000 0.958355
2.820000 0.958177
2.850000 0.957998
2.880000 0.957817
2.910000 0.957633
2.940000 0.957447
2.970000 0.957259
0.000000 0.989012
0.030000 0.988379
0.060000 0.987746
0.090000 0.987114
0.120000 0.986484
0.150000 0.985856
0.180000 0.985231
0.210000 0.984608
0.240000 0.983989
0.270000 0.983374
0.300000 0.982763
0.330000 0.982158
0.360000 0.981558
0.390000 0.980963
0.420000 0.980375
0.450000 0.979793
0.480000 0.979218
0.510000 0.978650
0.540000 0.978090
0.570000 0.977538
0.600000 0.976994
0.630000 0.976458
0.660000 0.975931
0.690000 0.975413
0.720000 0.974904
0.750000 0.974404
0.780000 0.973913
0.810000 0.973432
0.840000 0.972961
0.870000 0.972499
0.900000 0.972047
0.930000 0.971605
0.960000 0.971172
0.990000 0.970750
1.020000 0.970337
1.050000 0.969935
1.080000 0.969542
1.110000 0.969158
1.140000 0.968785
1.170000 0.968421
1.200000 0.968067
1.230000 0.967722
1.260000 0.967387
1.290000 0.967061
1.320000 0.966744
1.350000 0.966436
1.380000 0.966137
1.410000 0.965846
1.440000 0.965565
1.470000 0.965291
1.500000 0.965026
1.530000 0.964769
1.560000 0.964520
1.590000 0.964279
1.620000 0.964045
1.650000 0.963819
1.680000 0.963600
1.710000 0.963388
1.740000 0.963183
1.770000 0.962985
1.800000 0.962793
1.830000 0.962608
1.860000 0.962429
1.890000 0.962256
1.920000 0.962088
1.950000 0.961927
1.980000 0.961771
2.010000 0.961621
2.040000 0.961476
2.070000 0.961335
2.100000 0.961200
2.130000 0.961070
2.160000 0.960944
2.190000 0.960823
2.220000 0.960706
2.250000 0.960593
2.280000 0.960485
2.310000 0.960380
2.340000 0.960279
2.370000 0.960182
2.400000 0.960088
2.430000 0.959998
2.460000 0.959911
2.490000 0.959827
2.520000 0.959747
2.550000 0.959669
2.580000 0.959594
2.610000 0.959522
2.640000 0.959453
2.670000 0.959387
2.700000 0.959323
2.730000 0.959261
2.760000 0.959202
2.790000 0.959144
2.820000 0.959089
2.850000 0.959037
2.880000 0.958986
2.910000 0.958937
2.940000 0.958890
2.970000 0.958845
0.000000 0.644561
0.030000 0.986411
0.060000 1.015164
0.090000 0.975182
0.120000 0.714910
0.150000 0.121773
0.180000 0.791914
0.210000 0.949199
0.240000 0.972768
0.270000 0.976024
0.300000 0.976468
0.330000 0.976529
0.360000 0.976537
0.390000 0.976538
0.420000 0.976538
0.450000 0.976538
0.480000 0.976538
0.510000 0.976538
0.540000 0.976538
0.570000 0.976538
0.600000 0.976538
0.630000 0.976538
0.660000 0.976538
0.690000 0.976538
0.720000 0.976538
0.750000 0.976538
0.780000 0.976538
0.810000 0.976538
0.840000 0.976538
0.870000 0.976538
0.900000 0.976538
0.930000 0.976538
0.960000 0.976538
0.990000 0.976538
1.020000 0.976538
1.050000 0.976538
1.080000 0.976538
1.110000 0.976538
1.140000 0.976538
1.170000 0.976538
1.200000 0.976537
1.230000 0.976533
1.260000 0.976515
1.290000 0.976437
1.320000 0.976115
1.350000 0.974912
1.380000 0.971737
1.410000 0.967729
1.440000 0.965603
1.470000 0.964951
1.500000 0.964787
1.530000 0.964745
1.560000 0.964714
1.590000 0.964594
1.620000 0.964020
1.650000 0.962466
1.680000 0.961115
1.710000 0.960701
1.740000 0.960620
1.770000 0.960606
1.800000 0.960604
1.830000 0.960603
1.860000 0.960603
1.890000 0.960603
1.920000 0.960603
1.950000 0.960603
1.980000 0.960603
2.010000 0.960603
2.040000 0.960603
2.070000 0.960603
2.100000 0.960603
2.130000 0.960603
2.160000 0.960603
2.190000 0.960603
2.220000 0.960603
2.250000 0.960603
2.280000 0.960603
2.310000 0.960603
2.340000 0.960603
2.370000 0.960603
2.400000 0.960603
2.430000 0.960603
2.460000 0.960603
2.490000 0.960603
2.520000 0.960603
2.550000 0.960603
2.580000 0.960603
2.610000 0.960603
2.640000 0.960603
2.670000 0.960603
2.700000 0.960603
2.730000 0.960603
2.760000 0.960603
2.790000 0.960603
2.820000 0.960603
2.850000 0.960603
2.880000 0.960603
2.910000 0.960603
2.940000 0.960603
2.970000 0.960603
0.000000 0.990566
0.030000 0.170166
0.060000 0.975463
0.090000 0.979924
0.120000 0.127983
0.150000 0.009198
0.180000 0.031073
0.210000 0.340098
0.240000 0.973842
0.270000 1.031538
0.300000 1.012352
0.330000 0.995859
0.360000 0.984671
0.390000 0.977365
0.420000 0.972677
0.450000 0.969701
0.480000 0.967825
0.510000 0.966647
0.540000 0.965909
0.570000 0.965449
0.600000 0.965161
0.630000 0.964981
0.660000 0.964869
0.690000 0.964799
0.720000 0.964756
0.750000 0.964729
0.780000 0.964712
0.810000 0.964701
0.840000 0.964695
0.870000 0.964690
0.900000 0.964688
0.930000 0.964686
0.960000 0.964685
0.990000 0.964685
1.020000 0.964684
1.050000 0.964684
1.080000 0.964684
1.110000 0.964684
1.140000 0.964684
1.170000 0.964684
1.200000 0.964684
1.230000 0.964684
1.260000 0.964684
1.290000 0.964684
1.320000 0.964684
1.350000 0.964684
1.380000 0.964684
1.410000 0.964684
1.440000 0.964684
1.470000 0.964684
1.500000 0.964684
1.530000 0.964684
1.560000 0.964684
1.590000 0.964684
1.620000 0.964684
1.650000 0.964684
1.680000 0.964684
1.710000 0.964684
1.740000 0.964684
1.770000 0.964684
1.800000 0.964684
1.830000 0.964684
1.860000 0.964684
1.890000 0.964684
1.920000 0.964684
1.950000 0.964684
1.980000 0.964684
2.010000 0.964684
2.040000 0.964684
2.070000 0.964684
2.100000 0.964684
2.130000 0.964684
2.160000 0.964684
2.190000 0.964684
2.220000 0.964684
2.250000 0.964684
2.280000 0.964684
2.310000 0.964684
2.340000 0.964684
2.370000 0.964684
2.400000 0.964684
2.430000 0.964684
2.460000 0.964684
2.490000 0.964684
2.520000 0.964684
2.550000 0.964684
2.580000 0.964684
2.610000 0.964684
2.640000 0.964684
2.670000 0.964684
2.700000 0.964684
2.730000 0.964684
2.760000 0.964684
2.790000 0.964684
2.820000 0.964684
2.850000 0.964684
2.880000 0.964684
2.910000 0.964684
2.940000 0.964684
2.970000 0.964684
0.000000 2.008274
0.030000 1.079732
0.060000 0.986554
0.090000 0.981632
0.120000 0.981384
0.150000 0.981371
0.180000 0.981371
0.210000 0.981371
0.240000 0.981371
0.270000 0.981371
0.300000 0.981371
0.330000 0.981371
0.360000 0.981371
0.390000 0.981371
0.420000 0.981371
0.450000 0.981371
0.480000 0.981371
0.510000 0.981370
0.540000 0.981370
0.570000 0.981366
0.600000 0.981346
0.630000 0.981248
0.660000 0.980762
0.690000 0.978461
0.720000 0.969786
0.750000 0.970973
0.780000 0.972723
0.810000 0.402533
0.840000 0.473244
0.870000 0.967917
0.900000 0.981147
0.930000 0.964636
0.960000 0.962617
0.990000 0.962630
1.020000 0.962700
1.050000 0.962723
1.080000 0.962729
1.110000 0.962730
1.140000 0.962731
1.170000 0.962731
1.200000 0.962731
1.230000 0.962731
1.260000 0.962731
1.290000 0.962731
1.320000 0.962731
1.350000 0.962731
1.380000 0.962731
1.410000 0.962731
1.440000 0.962731
1.470000 0.962731
1.500000 0.962731
1.530000 0.962731
1.560000 0.962731
1.590000 0.962731
1.620000 0.962731
1.650000 0.962731
1.680000 0.962731
1.710000 0.962731
1.740000 0.962731
1.770000 0.962731
1.800000 0.962731
1.830000 0.962731
1.860000 0.962731
1.890000 0.962731
1.920000 0.962731
1.950000 0.962731
1.980000 0.962731
2.010000 0.962731
2.040000 0.962731
2.070000 0.962731
2.100000 0.962731
2.130000 0.962731
2.160000 0.962731
2.190000 0.962731
2.220000 0.962731
2.250000 0.962731
2.280000 0.962731
2.310000 0.962731
2.340000 0.962731
2.370000 0.962731
2.400000 0.962731
2.430000 0.962731
2.460000 0.962731
2.490000 0.962731
2.520000 0.962731
2.550000 0.962731
2.580000 0.962731
2.610000 0.962731
2.640000 0.962731
2.670000 0.962731
2.700000 0.962731
2.730000 0.962731
2.760000 0.962731
2.790000 0.962731
2.820000 0.962731
2.850000 0.962731
2.880000 0.962731
2.910000 0.962731
2.940000 0.962731
2.970000 0.962731
0.000000 0.990566
0.030000 0.990146
0.060000 0.989460
0.090000 0.988628
0.120000 0.987769
0.150000 0.986920
0.180000 0.986091
0.210000 0.985283
0.240000 0.984496
0.270000 0.983731
0.300000 0.982986
0.330000 0.982261
0.360000 0.981556
0.390000 0.980870
0.420000 0.980202
0.450000 0.979552
0.480000 0.978920
0.510000 0.978305
0.540000 0.977707
0.570000 0.977125
0.600000 0.976558
0.630000 0.976007
0.660000 0.975471
0.690000 0.974950
0.720000 0.974442
0.750000 0.973949
0.780000 0.973469
0.810000 0.973002
0.840000 0.972548
0.870000 0.972106
0.900000 0.971676
0.930000 0.971258
0.960000 0.970852
0.990000 0.970456
1.020000 0.970072
1.050000 0.969698
1.080000 0.969334
1.110000 0.968980
1.140000 0.968636
1.170000 0.968301
1.200000 0.967975
1.230000 0.967659
1.260000 0.967351
1.290000 0.967051
1.320000 0.966760
1.350000 0.966477
1.380000 0.966202
1.410000 0.965934
1.440000 0.965673
1.470000 0.965420
1.500000 0.965174
1.530000 0.964934
1.560000 0.964701
1.590000 0.964475
1.620000 0.964255
1.650000 0.964040
1.680000 0.963832
1.710000 0.963630
1.740000 0.963433
1.770000 0.963241
1.800000 0.963055
1.830000 0.962874
1.860000 0.962698
1.890000 0.962527
1.920000 0.962361
1.950000 0.962199
1.980000 0.962041
2.010000 0.961889
2.040000 0.961740
2.070000 0.961595
2.100000 0.961455
2.130000 0.961318
2.160000 0.961185
2.190000 0.961056
2.220000 0.960930
2.250000 0.960808
2.280000 0.960689
2.310000 0.960574
2.340000 0.960461
2.370000 0.960352
2.400000 0.960246
2.430000 0.960143
2.460000 0.960042
2.490000 0.959945
2.520000 0.959850
2.550000 0.959758
2.580000 0.959668
2.610000 0.959581
2.640000 0.959496
2.670000 0.959414
2.700000 0.959334
2.730000 0.959256
2.760000 0.959180
2.790000 0.959106
2.820000 0.959035
2.850000 0.958965
2.880000 0.958898
2.910000 0.958832
2.940000 0.958768
2.970000 0.958706
0.000000 1.175768
0.030000 0.217672
0.060000 0.005000
0.090000 0.034278
0.120000 0.037774
0.150000 0.038187
0.180000 0.038236
0.210000 0.038241
0.240000 0.038242
0.270000 0.038242
0.300000 0.038242
0.330000 0.038242
0.360000 0.038242
0.390000 0.038242
0.420000 0.038242
0.450000 0.038242
0.480000 0.038242
0.510000 0.038241
0.540000 0.038228
0.570000 0.037968
0.600000 0.032757
0.630000 0.061632
0.660000 0.658727
0.690000 0.954098
0.720000 0.975487
0.750000 0.976576
0.780000 0.976630
0.810000 0.976633
0.840000 0.976633
0.870000 0.976633
0.900000 0.976632
0.930000 0.976631
0.960000 0.976624
0.990000 0.976594
1.020000 0.976462
1.050000 0.975924
1.080000 0.973965
1.110000 0.968839
1.140000 0.969727
1.170000 0.969475
1.200000 0.412917
1.230000 0.000785
1.260000 0.075544
1.290000 0.088893
1.320000 0.091639
1.350000 0.092237
1.380000 0.092367
1.410000 0.092386
1.440000 0.092326
1.470000 0.091889
1.500000 0.089011
1.530000 0.070435
1.560000 0.037266
1.590000 0.414261
1.620000 0.814451
1.650000 0.937986
1.680000 0.959741
1.710000 0.963124
1.740000 0.963639
1.770000 0.963717
1.800000 0.963729
1.830000 0.963731
1.860000 0.963731
1.890000 0.963731
1.920000 0.963731
1.950000 0.963731
1.980000 0.963731
2.010000 0.963731
2.040000 0.963731
2.070000 0.963731
2.100000 0.963731
2.130000 0.963731
2.160000 0.963731
2.190000 0.963731
2.220000 0.963731
2.250000 0.963731
2.280000 0.963731
2.310000 0.963731
2.340000 0.963731
2.370000 0.963731
2.400000 0.963731
2.430000 0.963731
2.460000 0.963731
2.490000 0.963731
2.520000 0.963731
2.550000 0.963731
2.580000 0.963731
2.610000 0.963731
2.640000 0.963731
2.670000 0.963731
2.700000 0.963731
2.730000 0.963731
2.760000 0.963731
2.790000 0.963731
2.820000 0.963731
2.850000 0.963731
2.880000 0.963731
2.910000 0.963731
2.940000 0.963731
2.970000 0.963731
0.000000 0.990565
0.030000 0.987095
0.060000 0.985922
0.090000 0.985683
0.120000 0.985640
0.150000 0.985633
0.180000 0.985632
0.210000 0.985631
0.240000 0.985631
0.270000 0.985631
0.300000 0.985631
0.330000 0.985631
0.360000 0.985631
0.390000 0.985631
0.420000 0.985631
0.450000 0.985631
0.480000 0.985631
0.510000 0.985631
0.540000 0.985628
0.570000 0.985561
0.600000 0.984229
0.630000 0.958217
0.660000 0.628409
0.690000 0.094530
0.720000 0.016247
0.750000 0.105422
0.780000 0.713261
0.810000 0.947473
0.840000 0.963111
0.870000 0.963903
0.900000 0.963942
0.930000 0.963944
0.960000 0.963944
0.990000 0.963944
1.020000 0.963944
1.050000 0.963944
1.080000 0.963944
1.110000 0.963944
1.140000 0.963944
1.170000 0.963944
1.200000 0.963944
1.230000 0.963944
1.260000 0.963944
1.290000 0.963944
1.320000 0.963944
1.350000 0.963944
1.380000 0.963944
1.410000 0.963944
1.440000 0.963944
1.470000 0.963944
1.500000 0.963944
1.530000 0.963944
1.560000 0.963944
1.590000 0.963944
1.620000 0.963944
1.650000 0.963944
1.680000 0.963944
1.710000 0.963944
1.740000 0.963944
1.770000 0.963944
1.800000 0.963944
1.830000 0.963944
1.860000 0.963944
1.890000 0.963944
1.920000 0.963944
1.950000 0.963944
1.980000 0.963944
2.010000 0.963944
2.040000 0.963944
2.070000 0.963944
2.100000 0.963944
2.130000 0.963944
2.160000 0.963944
2.190000 0.963944
2.220000 0.963944
2.250000 0.963944
2.280000 0.963944
2.310000 0.963944
2.340000 0.963944
2.370000 0.963944
2.400000 0.963944
2.430000 0.963944
2.460000 0.963944
2.490000 0.963944
2.520000 0.963944
2.550000 0.963944
2.580000 0.963944
2.610000 0.963944
2.640000 0.963944
2.670000 0.963944
2.700000 0.963944
2.730000 0.963944
2.760000 0.963944
2.790000 0.963944
2.820000 0.963944
2.850000 0.963944
2.880000 0.963944
2.910000 0.963944
2.940000 0.963944
2.970000 0.963944
0.000000 1.043273
0.030000 0.989739
0.060000 0.988837
0.090000 0.988219
0.120000 0.987410
0.150000 0.986595
0.180000 0.985798
0.210000 0.985021
0.240000 0.984264
0.270000 0.983526
0.300000 0.982806
0.330000 0.982105
0.360000 0.981421
0.390000 0.980754
0.420000 0.980105
0.450000 0.979472
0.480000 0.978855
0.510000 0.978253
0.540000 0.977667
0.570000 0.977096
0.600000 0.976540
0.630000 0.975998
0.660000 0.975470
0.690000 0.974956
0.720000 0.974455
0.750000 0.973967
0.780000 0.973491
0.810000 0.973028
0.840000 0.972578
0.870000 0.972138
0.900000 0.971711
0.930000 0.971294
0.960000 0.970889
0.990000 0.970494
1.020000 0.970109
1.050000 0.969735
1.080000 0.969371
1.110000 0.969016
1.140000 0.968670
1.170000 0.968334
1.200000 0.968007
1.230000 0.967688
1.260000 0.967378
1.290000 0.967076
1.320000 0.966782
1.350000 0.966496
1.380000 0.966218
1.410000 0.965947
1.440000 0.965683
1.470000 0.965426
1.500000 0.965176
1.530000 0.964933
1.560000 0.964697
1.590000 0.964467
1.620000 0.964243
1.650000 0.964025
1.680000 0.963813
1.710000 0.963606
1.740000 0.963405
1.770000 0.963210
1.800000 0.963020
1.830000 0.962835
1.860000 0.962655
1.890000 0.962480
1.920000 0.962310
1.950000 0.962144
1.980000 0.961983
2.010000 0.961826
2.040000 0.961673
2.070000 0.961525
2.100000 0.961380
2.130000 0.961240
2.160000 0.961103
2.190000 0.960970
2.220000 0.960841
2.250000 0.960715
2.280000 0.960593
2.310000 0.960474
2.340000 0.960358
2.370000 0.960245
2.400000 0.960136
2.430000 0.960029
2.460000 0.959926
2.490000 0.959825
2.520000 0.959727
2.550000 0.959631
2.580000 0.959539
2.610000 0.959448
2.640000 0.959361
2.670000 0.959275
2.700000 0.959192
2.730000 0.959112
2.760000 0.959033
2.790000 0.958957
2.820000 0.958882
2.850000 0.958810
2.880000 0.958740
2.910000 0.958672
2.940000 0.958605
2.970000 0.958541
0.000000 0.990566
0.030000 0.988918
0.060000 0.987645
0.090000 0.984581
0.120000 0.982297
0.150000 0.981051
0.180000 0.980449
0.210000 0.980175
0.240000 0.980054
0.270000 0.980001
0.300000 0.979978
0.330000 0.979968
0.360000 0.979964
0.390000 0.979962
0.420000 0.979961
0.450000 0.979961
0.480000 0.979961
0.510000 0.979961
0.540000 0.979961
0.570000 0.979961
0.600000 0.979961
0.630000 0.979961
0.660000 0.979961
0.690000 0.979961
0.720000 0.979961
0.750000 0.979961
0.780000 0.979961
0.810000 0.979961
0.840000 0.979961
0.870000 0.979958
0.900000 0.979896
0.930000 0.978667
0.960000 0.954583
0.990000 0.632141
1.020000 0.033338
1.050000 0.055406
1.080000 0.060261
1.110000 0.060504
1.140000 0.060516
1.170000 0.060516
1.200000 0.060511
1.230000 0.060477
1.260000 0.060233
1.290000 0.058492
1.320000 0.046166
1.350000 0.036260
1.380000 0.428837
1.410000 0.956588
1.440000 0.980782
1.470000 0.962872
1.500000 0.961039
1.530000 0.960980
1.560000 0.960997
1.590000 0.961002
1.620000 0.961003
1.650000 0.961004
1.680000 0.961004
1.710000 0.961004
1.740000 0.961004
1.770000 0.961004
1.800000 0.961004
1.830000 0.961004
1.860000 0.961004
1.890000 0.961004
1.920000 0.961004
1.950000 0.961004
1.980000 0.961004
2.010000 0.961004
2.040000 0.961004
2.070000 0.961004
2.100000 0.961004
2.130000 0.961004
2.160000 0.961004
2.190000 0.961004
2.220000 0.961004
2.250000 0.961004
2.280000 0.961004
2.310000 0.961004
2.340000 0.961004
2.370000 0.961004
2.400000 0.961004
2.430000 0.961004
2.460000 0.961004
2.490000 0.961004
2.520000 0.961004
2.550000 0.961004
2.580000 0.961004
2.610000 0.961004
2.640000 0.961004
2.670000 0.961004
2.700000 0.961004
2.730000 0.961004
2.760000 0.961004
2.790000 0.961004
2.820000 0.961004
2.850000 0.961004
2.880000 0.961004
2.910000 0.961004
2.940000 0.961004
2.970000 0.961004
0.000000 0.990565
0.030000 0.990454
0.060000 0.989609
0.090000 0.988710
0.120000 0.987829
0.150000 0.986973
0.180000 0.986139
0.210000 0.985328
0.240000 0.984538
0.270000 0.983769
0.300000 0.983022
0.330000 0.982294
0.360000 0.981586
0.390000 0.980897
0.420000 0.980226
0.450000 0.979574
0.480000 0.978939
0.510000 0.978321
0.540000 0.977720
0.570000 0.977136
0.600000 0.976567
0.630000 0.976013
0.660000 0.975474
0.690000 0.974950
0.720000 0.974440
0.750000 0.973944
0.780000 0.973462
0.810000 0.972992
0.840000 0.972535
0.870000 0.972091
0.900000 0.971658
0.930000 0.971238
0.960000 0.970829
0.990000 0.970430
1.020000 0.970043
1.050000 0.969666
1.080000 0.969300
1.110000 0.968943
1.140000 0.968596
1.170000 0.968259
1.200000 0.967931
1.230000 0.967612
1.260000 0.967301
1.290000 0.966999
1.320000 0.966705
1.350000 0.966419
1.380000 0.966141
1.410000 0.965870
1.440000 0.965607
1.470000 0.965351
1.500000 0.965102
1.530000 0.964860
1.560000 0.964625
1.590000 0.964395
1.620000 0.964173
1.650000 0.963956
1.680000 0.963745
1.710000 0.963540
1.740000 0.963340
1.770000 0.963146
1.800000 0.962957
1.830000 0.962774
1.860000 0.962595
1.890000 0.962422
1.920000 0.962253
1.950000 0.962088
1.980000 0.961929
2.010000 0.961773
2.040000 0.961622
2.070000 0.961475
2.100000 0.961332
2.130000 0.961193
2.160000 0.961057
2.190000 0.960926
2.220000 0.960798
2.250000 0.960673
2.280000 0.960552
2.310000 0.960434
2.340000 0.960320
2.370000 0.960208
2.400000 0.960100
2.430000 0.959995
2.460000 0.959892
2.490000 0.959793
2.520000 0.959696
2.550000 0.959601
2.580000 0.959510
2.610000 0.959420
2.640000 0.959334
2.670000 0.959249
2.700000 0.959167
2.730000 0.959086
2.760000 0.959007
2.790000 0.958930
2.820000 0.958852
2.850000 0.958772
2.880000 0.958685
2.910000 0.958584
2.940000 0.958451
2.970000 0.958257
Executions:   30
===================
RUN:    1 BEST VALUE:          387.1939655 FUNCTION CALLS: 12202
RUN:    2 BEST VALUE:          10104.93546 FUNCTION CALLS: 12202
RUN:    3 BEST VALUE:         0.2994529347 FUNCTION CALLS: 12202
RUN:    4 BEST VALUE:          5.038961602 FUNCTION CALLS: 12202
RUN:    5 BEST VALUE:      7.881130174e-05 FUNCTION CALLS: 12202
RUN:    6 BEST VALUE:          10000.00012 FUNCTION CALLS: 12202
RUN:    7 BEST VALUE:          139.0683703 FUNCTION CALLS: 12202
RUN:    8 BEST VALUE:          10057.64313 FUNCTION CALLS: 12202
RUN:    9 BEST VALUE:          10091.70115 FUNCTION CALLS: 12202
RUN:   10 BEST VALUE:          85.52096759 FUNCTION CALLS: 12202
RUN:   11 BEST VALUE:          10000.00247 FUNCTION CALLS: 12202
RUN:   12 BEST VALUE:          10228.75001 FUNCTION CALLS: 12202
RUN:   13 BEST VALUE:          9.286547398 FUNCTION CALLS: 12202
RUN:   14 BEST VALUE:          3.370699863 FUNCTION CALLS: 12202
RUN:   15 BEST VALUE:          10013.25959 FUNCTION CALLS: 12141
RUN:   16 BEST VALUE:          135.3989596 FUNCTION CALLS: 12202
RUN:   17 BEST VALUE:          58.65233282 FUNCTION CALLS: 12202
RUN:   18 BEST VALUE:          6.495094162 FUNCTION CALLS: 11226
RUN:   19 BEST VALUE:          6.364881359 FUNCTION CALLS: 8115
RUN:   20 BEST VALUE:           10004.7824 FUNCTION CALLS: 12202
RUN:   21 BEST VALUE:           10000.0056 FUNCTION CALLS: 12202
RUN:   22 BEST VALUE:          10017.37831 FUNCTION CALLS: 12202
RUN:   23 BEST VALUE:          18.85486273 FUNCTION CALLS: 12202
RUN:   24 BEST VALUE:          10011.06132 FUNCTION CALLS: 12202
RUN:   25 BEST VALUE:       0.001715056308 FUNCTION CALLS: 12202
RUN:   26 BEST VALUE:          10162.12733 FUNCTION CALLS: 12202
RUN:   27 BEST VALUE:          26.38794953 FUNCTION CALLS: 12202
RUN:   28 BEST VALUE:          10000.00013 FUNCTION CALLS: 12202
RUN:   29 BEST VALUE:          69.29102767 FUNCTION CALLS: 10067
RUN:   30 BEST VALUE:       0.001633965654 FUNCTION CALLS: 12202
Average Function calls:             11960.03
Minimum Function Value:      7.881130174e-05
Percent Minimum  Found:                 3.33%
METRIC:      omega MIN VALUE:                    0 MAX VALUE:      3.003905077e-08 AVG VALUE:      1.001301692e-09
