0.0160000324 
0.0000000000 
0.0150001049 
0.0160000324 
0.0000000000 
0.0160000324 
0.0000000000 
0.0149998665 
0.0000000000 
0.0000000000 
0.0160000324 
0.0160000324 
0.0000000000 
0.0000000000 
0.0149998665 
0.0000000000 
0.0160000324 
0.0000000000 
0.0150001049 
0.0000000000 
0.0160000324 
0.0000000000 
0.0000000000 
0.0149998665 
0.0000000000 
0.0160000324 
0.0000000000 
0.0160000324 
0.0000000000 
0.0149998665 
0.0160000324 
0.0160000324 
0.0000000000 
0.0149998665 
0.0000000000 
0.0160000324 
0.0000000000 
0.0150001049 
0.0000000000 
0.0160000324 
0.0000000000 
0.0160000324 
0.0000000000 
0.0149998665 
0.0000000000 
0.0000000000 
0.0160000324 
0.0000000000 
0.0160000324 
0.0000000000 
0.0149998665 
0.0000000000 
0.0160000324 
0.0000000000 
0.0150001049 
0.0000000000 
0.0160000324 
0.0000000000 
0.0160000324 
0.0000000000 
0.0060000420 
0.0000000000 
0.0160000324 
0.0000000000 
0.0149998665 
0.0000000000 
0.0160000324 
0.0000000000 
0.0160000324 
0.0000000000 
0.0149998665 
0.0000000000 
0.0000000000 
0.0000000000 
0.0150001049 
0.0000000000 
0.0000000000 
0.0160000324 
0.0160000324 
0.0000000000 
0.0000000000 
0.0000000000 
0.0160000324 
0.0000000000 
0.0000000000 
0.0160000324 
0.0000000000 
0.0149998665 
0.0000000000 
0.0160000324 
