0.000000 0.810295 0.990565
0.030000 0.909211 0.106822
0.060000 0.919215 0.216527
0.090000 0.919748 0.222300
0.120000 0.919775 0.222590
0.150000 0.919777 0.222604
0.180000 0.919777 0.222605
0.210000 0.919777 0.222605
0.240000 0.919777 0.222605
0.270000 0.919777 0.222605
0.300000 0.919777 0.222605
0.330000 0.919777 0.222605
0.360000 0.919777 0.222605
0.390000 0.919777 0.222605
0.420000 0.919777 0.222605
0.450000 0.919777 0.222605
0.480000 0.919777 0.222605
0.510000 0.919777 0.222605
0.540000 0.919777 0.222605
0.570000 0.919776 0.222607
0.600000 0.919770 0.222615
0.630000 0.919637 0.222631
0.660000 0.916976 0.222482
0.690000 0.866264 0.219040
0.720000 0.376045 0.172554
0.750000 0.079945 0.231047
0.780000 0.123631 1.010077
0.810000 0.126415 0.967826
0.840000 0.128559 0.982716
0.870000 0.136143 1.616888
0.900000 0.159813 1.917615
0.930000 0.211432 1.962266
0.960000 0.360704 1.967138
0.990000 0.787747 1.967605
1.020000 0.940503 1.967639
1.050000 0.954149 1.967639
1.080000 0.955261 1.967638
1.110000 0.955386 1.967638
1.140000 0.955407 1.967638
1.170000 0.955412 1.967638
1.200000 0.955413 1.967638
1.230000 0.955413 1.967638
1.260000 0.955413 1.967638
1.290000 0.955413 1.967638
1.320000 0.955413 1.967638
1.350000 0.955413 1.967638
1.380000 0.955413 1.967638
1.410000 0.955413 1.967638
1.440000 0.955413 1.967638
1.470000 0.955413 1.967638
1.500000 0.955413 1.967638
1.530000 0.955413 1.967638
1.560000 0.955413 1.967638
1.590000 0.955413 1.967638
1.620000 0.955413 1.967638
1.650000 0.955413 1.967638
1.680000 0.955413 1.967638
1.710000 0.955413 1.967638
1.740000 0.955413 1.967638
1.770000 0.955413 1.967638
1.800000 0.955413 1.967638
1.830000 0.955413 1.967638
1.860000 0.955413 1.967638
1.890000 0.955413 1.967638
1.920000 0.955413 1.967638
1.950000 0.955413 1.967638
1.980000 0.955413 1.967638
2.010000 0.955413 1.967637
2.040000 0.955413 1.967637
2.070000 0.955413 1.967636
2.100000 0.955413 1.967634
2.130000 0.955413 1.967631
2.160000 0.955413 1.967624
2.190000 0.955413 1.967612
2.220000 0.955413 1.967590
2.250000 0.955413 1.967548
2.280000 0.955413 1.967470
2.310000 0.955413 1.967324
2.340000 0.955413 1.967049
2.370000 0.955412 1.966536
2.400000 0.955411 1.965575
2.430000 0.955408 1.963776
2.460000 0.955398 1.960416
2.490000 0.955367 1.954154
2.520000 0.955278 1.942530
2.550000 0.955012 1.921124
2.580000 0.954226 1.882271
2.610000 0.951905 1.813572
2.640000 0.945102 1.697530
2.670000 0.925553 1.515888
2.700000 0.872445 1.262881
2.730000 0.747757 0.962306
2.760000 0.533886 0.665933
2.790000 0.309184 0.422813
2.820000 0.167360 0.251728
2.850000 0.104299 0.143907
2.880000 0.080667 0.080607
2.910000 0.072389 0.044982
2.940000 0.069559 0.025407
2.970000 0.068600 0.014794
