0.100000 0.913044 0.987771
0.129000 0.914523 0.987004
0.158000 0.915945 0.986252
0.187000 0.917312 0.985516
0.216000 0.918626 0.984794
0.245000 0.919891 0.984088
0.274000 0.921107 0.983397
0.303000 0.922278 0.982720
0.332000 0.923405 0.982058
0.361000 0.924490 0.981411
0.390000 0.925535 0.980777
0.419000 0.926541 0.980158
0.448000 0.927512 0.979553
0.477000 0.928447 0.978961
0.506000 0.929348 0.978383
0.535000 0.930218 0.977818
0.564000 0.931056 0.977266
0.593000 0.931865 0.976727
0.622000 0.932646 0.976200
0.651000 0.933400 0.975686
0.680000 0.934128 0.975185
0.709000 0.934831 0.974695
0.738000 0.935509 0.974217
0.767000 0.936165 0.973750
0.796000 0.936799 0.973295
0.825000 0.937412 0.972851
0.854000 0.938004 0.972418
0.883000 0.938576 0.971996
0.912000 0.939130 0.971584
0.941000 0.939666 0.971182
0.970000 0.940183 0.970790
0.999000 0.940685 0.970408
1.028000 0.941169 0.970036
1.057000 0.941639 0.969673
1.086000 0.942093 0.969319
1.115000 0.942532 0.968974
1.144000 0.942957 0.968638
1.173000 0.943369 0.968311
1.202000 0.943768 0.967992
1.231000 0.944154 0.967681
1.260000 0.944528 0.967379
1.289000 0.944890 0.967084
1.318000 0.945241 0.966797
1.347000 0.945580 0.966517
1.376000 0.945909 0.966244
1.405000 0.946228 0.965979
1.434000 0.946537 0.965721
1.463000 0.946836 0.965469
1.492000 0.947126 0.965224
1.521000 0.947407 0.964986
1.550000 0.947679 0.964753
1.579000 0.947942 0.964527
1.608000 0.948198 0.964307
1.637000 0.948445 0.964093
1.666000 0.948685 0.963885
1.695000 0.948918 0.963682
1.724000 0.949143 0.963484
1.753000 0.949362 0.963292
1.782000 0.949573 0.963105
1.811000 0.949779 0.962923
1.840000 0.949978 0.962746
1.869000 0.950171 0.962573
1.898000 0.950358 0.962405
1.927000 0.950539 0.962242
1.956000 0.950715 0.962083
1.985000 0.950885 0.961929
2.014000 0.951050 0.961778
2.043000 0.951211 0.961632
2.072000 0.951366 0.961490
2.101000 0.951517 0.961352
2.130000 0.951663 0.961217
2.159000 0.951805 0.961086
2.188000 0.951943 0.960958
2.217000 0.952076 0.960835
2.246000 0.952206 0.960714
2.275000 0.952331 0.960597
2.304000 0.952453 0.960483
2.333000 0.952572 0.960372
2.362000 0.952687 0.960264
2.391000 0.952798 0.960159
2.420000 0.952906 0.960057
2.449000 0.953012 0.959958
2.478000 0.953114 0.959861
2.507000 0.953213 0.959767
2.536000 0.953309 0.959676
2.565000 0.953402 0.959587
2.594000 0.953493 0.959501
2.623000 0.953581 0.959417
2.652000 0.953667 0.959335
2.681000 0.953750 0.959256
2.710000 0.953831 0.959179
2.739000 0.953910 0.959104
2.768000 0.953986 0.959031
2.797000 0.954061 0.958961
2.826000 0.954133 0.958893
2.855000 0.954203 0.958827
2.884000 0.954272 0.958764
2.913000 0.954338 0.958704
2.942000 0.954403 0.958648
2.971000 0.954466 0.958598
