0.100000 0.913044 0.987782
0.129000 0.914524 0.987004
0.158000 0.915946 0.986250
0.187000 0.917313 0.985513
0.216000 0.918627 0.984791
0.245000 0.919890 0.984084
0.274000 0.921106 0.983393
0.303000 0.922276 0.982716
0.332000 0.923403 0.982055
0.361000 0.924488 0.981407
0.390000 0.925532 0.980775
0.419000 0.926539 0.980156
0.448000 0.927509 0.979551
0.477000 0.928445 0.978960
0.506000 0.929346 0.978383
0.535000 0.930216 0.977818
0.564000 0.931055 0.977267
0.593000 0.931865 0.976729
0.622000 0.932646 0.976203
0.651000 0.933401 0.975689
0.680000 0.934129 0.975188
0.709000 0.934833 0.974699
0.738000 0.935512 0.974221
0.767000 0.936168 0.973755
0.796000 0.936803 0.973300
0.825000 0.937416 0.972856
0.854000 0.938008 0.972423
0.883000 0.938581 0.972000
0.912000 0.939135 0.971588
0.941000 0.939670 0.971187
0.970000 0.940188 0.970795
0.999000 0.940689 0.970413
1.028000 0.941174 0.970040
1.057000 0.941643 0.969677
1.086000 0.942097 0.969323
1.115000 0.942536 0.968978
1.144000 0.942961 0.968642
1.173000 0.943372 0.968314
1.202000 0.943771 0.967995
1.231000 0.944156 0.967684
1.260000 0.944530 0.967381
1.289000 0.944891 0.967085
1.318000 0.945241 0.966798
1.347000 0.945581 0.966518
1.376000 0.945909 0.966245
1.405000 0.946227 0.965979
1.434000 0.946536 0.965720
1.463000 0.946834 0.965469
1.492000 0.947124 0.965223
1.521000 0.947404 0.964984
1.550000 0.947676 0.964752
1.579000 0.947939 0.964526
1.608000 0.948194 0.964305
1.637000 0.948442 0.964091
1.666000 0.948681 0.963882
1.695000 0.948914 0.963679
1.724000 0.949139 0.963481
1.753000 0.949357 0.963289
1.782000 0.949569 0.963102
1.811000 0.949774 0.962919
1.840000 0.949973 0.962742
1.869000 0.950166 0.962570
1.898000 0.950354 0.962402
1.927000 0.950535 0.962239
1.956000 0.950711 0.962080
1.985000 0.950882 0.961926
2.014000 0.951048 0.961775
2.043000 0.951208 0.961629
2.072000 0.951364 0.961487
2.101000 0.951515 0.961349
2.130000 0.951662 0.961214
2.159000 0.951804 0.961083
2.188000 0.951942 0.960956
2.217000 0.952076 0.960833
2.246000 0.952206 0.960712
2.275000 0.952332 0.960595
2.304000 0.952455 0.960481
2.333000 0.952573 0.960371
2.362000 0.952689 0.960263
2.391000 0.952800 0.960159
2.420000 0.952909 0.960057
2.449000 0.953014 0.959958
2.478000 0.953117 0.959862
2.507000 0.953216 0.959769
2.536000 0.953313 0.959678
2.565000 0.953406 0.959590
2.594000 0.953497 0.959504
2.623000 0.953585 0.959420
2.652000 0.953671 0.959339
2.681000 0.953754 0.959260
2.710000 0.953835 0.959184
2.739000 0.953914 0.959109
2.768000 0.953990 0.959037
2.797000 0.954064 0.958966
2.826000 0.954136 0.958898
2.855000 0.954206 0.958832
2.884000 0.954274 0.958767
2.913000 0.954340 0.958704
2.942000 0.954404 0.958643
2.971000 0.954466 0.958584
