0.100000 0.913044 0.987776
0.129000 0.914524 0.987012
0.158000 0.915946 0.986259
0.187000 0.917313 0.985520
0.216000 0.918627 0.984797
0.245000 0.919890 0.984089
0.274000 0.921106 0.983396
0.303000 0.922276 0.982719
0.332000 0.923403 0.982056
0.361000 0.924487 0.981408
0.390000 0.925532 0.980774
0.419000 0.926539 0.980155
0.448000 0.927509 0.979550
0.477000 0.928445 0.978958
0.506000 0.929346 0.978380
0.535000 0.930216 0.977816
0.564000 0.931056 0.977264
0.593000 0.931865 0.976725
0.622000 0.932647 0.976199
0.651000 0.933401 0.975686
0.680000 0.934130 0.975185
0.709000 0.934833 0.974695
0.738000 0.935513 0.974218
0.767000 0.936169 0.973752
0.796000 0.936804 0.973297
0.825000 0.937416 0.972853
0.854000 0.938009 0.972420
0.883000 0.938582 0.971998
0.912000 0.939135 0.971586
0.941000 0.939671 0.971184
0.970000 0.940189 0.970793
0.999000 0.940690 0.970411
1.028000 0.941174 0.970039
1.057000 0.941643 0.969676
1.086000 0.942097 0.969322
1.115000 0.942536 0.968977
1.144000 0.942961 0.968641
1.173000 0.943372 0.968314
1.202000 0.943770 0.967995
1.231000 0.944156 0.967684
1.260000 0.944529 0.967381
1.289000 0.944890 0.967086
1.318000 0.945240 0.966798
1.347000 0.945579 0.966518
1.376000 0.945908 0.966246
1.405000 0.946226 0.965980
1.434000 0.946534 0.965722
1.463000 0.946833 0.965470
1.492000 0.947122 0.965225
1.521000 0.947402 0.964986
1.550000 0.947674 0.964753
1.579000 0.947937 0.964527
1.608000 0.948192 0.964307
1.637000 0.948440 0.964092
1.666000 0.948680 0.963884
1.695000 0.948912 0.963681
1.724000 0.949137 0.963483
1.753000 0.949356 0.963290
1.782000 0.949568 0.963103
1.811000 0.949773 0.962921
1.840000 0.949972 0.962744
1.869000 0.950165 0.962571
1.898000 0.950353 0.962403
1.927000 0.950534 0.962240
1.956000 0.950711 0.962081
1.985000 0.950882 0.961927
2.014000 0.951047 0.961776
2.043000 0.951208 0.961630
2.072000 0.951364 0.961488
2.101000 0.951515 0.961350
2.130000 0.951662 0.961215
2.159000 0.951805 0.961084
2.188000 0.951943 0.960957
2.217000 0.952077 0.960833
2.246000 0.952207 0.960713
2.275000 0.952333 0.960596
2.304000 0.952456 0.960482
2.333000 0.952575 0.960371
2.362000 0.952690 0.960263
2.391000 0.952802 0.960159
2.420000 0.952911 0.960057
2.449000 0.953016 0.959958
2.478000 0.953119 0.959862
2.507000 0.953218 0.959768
2.536000 0.953314 0.959677
2.565000 0.953408 0.959589
2.594000 0.953499 0.959503
2.623000 0.953587 0.959420
2.652000 0.953673 0.959338
2.681000 0.953756 0.959260
2.710000 0.953836 0.959183
2.739000 0.953915 0.959108
2.768000 0.953991 0.959036
2.797000 0.954064 0.958965
2.826000 0.954136 0.958897
2.855000 0.954206 0.958830
2.884000 0.954273 0.958766
2.913000 0.954339 0.958703
2.942000 0.954403 0.958642
2.971000 0.954464 0.958582
