0.000000 0.990565
0.030000 0.106822
0.060000 0.216527
0.090000 0.222300
0.120000 0.222590
0.150000 0.222604
0.180000 0.222605
0.210000 0.222605
0.240000 0.222605
0.270000 0.222605
0.300000 0.222605
0.330000 0.222605
0.360000 0.222605
0.390000 0.222605
0.420000 0.222605
0.450000 0.222605
0.480000 0.222605
0.510000 0.222605
0.540000 0.222605
0.570000 0.222607
0.600000 0.222615
0.630000 0.222631
0.660000 0.222482
0.690000 0.219040
0.720000 0.172554
0.750000 0.231047
0.780000 1.010077
0.810000 0.967826
0.840000 0.982716
0.870000 1.616888
0.900000 1.917615
0.930000 1.962266
0.960000 1.967138
0.990000 1.967605
1.020000 1.967639
1.050000 1.967639
1.080000 1.967638
1.110000 1.967638
1.140000 1.967638
1.170000 1.967638
1.200000 1.967638
1.230000 1.967638
1.260000 1.967638
1.290000 1.967638
1.320000 1.967638
1.350000 1.967638
1.380000 1.967638
1.410000 1.967638
1.440000 1.967638
1.470000 1.967638
1.500000 1.967638
1.530000 1.967638
1.560000 1.967638
1.590000 1.967638
1.620000 1.967638
1.650000 1.967638
1.680000 1.967638
1.710000 1.967638
1.740000 1.967638
1.770000 1.967638
1.800000 1.967638
1.830000 1.967638
1.860000 1.967638
1.890000 1.967638
1.920000 1.967638
1.950000 1.967638
1.980000 1.967638
2.010000 1.967637
2.040000 1.967637
2.070000 1.967636
2.100000 1.967634
2.130000 1.967631
2.160000 1.967624
2.190000 1.967612
2.220000 1.967590
2.250000 1.967548
2.280000 1.967470
2.310000 1.967324
2.340000 1.967049
2.370000 1.966536
2.400000 1.965575
2.430000 1.963776
2.460000 1.960416
2.490000 1.954154
2.520000 1.942530
2.550000 1.921124
2.580000 1.882271
2.610000 1.813572
2.640000 1.697530
2.670000 1.515888
2.700000 1.262881
2.730000 0.962306
2.760000 0.665933
2.790000 0.422813
2.820000 0.251728
2.850000 0.143907
2.880000 0.080607
2.910000 0.044982
2.940000 0.025407
2.970000 0.014794
